11210 1
11300 0
11390 1
11479 0
11299 1
4762 1
4851 0
4673 1
11211 0
11121 1
11298 1
11209 1
11387 0
11297 1
11391 0
11120 1
6744 1
11388 1
10328 0
11031 1
6833 1
11389 0
4763 1
11568 1
6654 0
10418 1
1155 1
11386 0
11302 1
11296 1
6655 0
4852 1
6745 0
437 1
6832 1
11208 1
11658 0
6831 1
11567 1
6920 1
526 0
616 1
6830 1
11475 0
11478 1
11301 1
11657 0
11564 1
11480 0
11385 1
1244 1
4584 0
11747 1
6564 1
11656 1
11212 0
11569 0
10417 1
11563 1
11207 0
11565 1
7009 1
10197 1
6921 0
10238 1
4850 1
4849 0
2681 1
7010 1
6919 1
11030 0
7008 1
2591 1
6835 0
7097 1
7098 0
6566 1
9361 1
9362 0
10239 1
11746 1
11745 0
7100 1
6475 1
1334 1
7096 0
2680 1
1243 1
11562 0
2682 0
7574 1
11123 1
7189 0
7279 1
10150 1
347 0
9360 1
9452 1
4495 1
7664 0
6743 1
11033 1
9450 0
11124 1
4853 1
11113 0
3703 1
1154 1
2769 0
6565 1
11122 1
2683 0
10107 1
2859 1
438 0
6741 1
3614 1
4943 1
5033 0
9451 1
705 1
6740 0
439 1
2858 0
706 1
9363 1
7485 1
7396 0
6836 1
2857 1
6476 0
9274 0
4674 1
11024 1
2679 1
10935 0
9918 1
4759 1
527 0
4583 1
9270 1
7486 1
11384 0
4406 1
2772 1
7099 0
6387 0
7095 1
4316 1
7187 1
4939 0
4315 1
4672 0
2947 1
773 1
772 1
5029 0
7369 1
11502 1
1333 0
1153 1
9272 1
5030 0
10287 1
10327 0
1332 1
1422 1
4227 1
7307 0
11566 1
11032 1
5034 1
11413 0
10149 1
11477 0
7065 1
4494 0
10007 1
771 1
1870 1
7217 0
7397 1
5123 1
1869 0
10798 1
1242 1
11476 0
9271 1
7306 0
11473 1
902 1
11206 1
6923 0
7276 1
2589 1
11501 0
7190 1
6976 1
1423 0
10708 1
4945 1
2593 1
6926 0
11203 1
7370 0
3613 1
258 1
9181 1
1065 0
9453 1
7366 0
3037 1
2861 1
2502 0
4137 1
2862 1
795 0
707 1
4938 1
6650 1
6298 0
10060 1
2863 1
10845 0
6837 1
436 1
4838 0
11412 1
9449 0
10237 1
7398 1
9180 0
10941 1
11118 1
4854 0
6651 1
9971 1
3212 0
652 1
741 1
5031 1
1421 0
11590 1
528 0
10329 1
11589 0
10506 1
863 1
4837 1
11202 0
9273 1
4760 0
6652 1
4314 1
976 1
440 0
2503 1
435 1
812 0
11383 1
1272 1
2856 0
10447 1
10940 1
6208 0
10061 1
2499 1
11295 0
11474 1
3038 1
9538 0
10148 1
11654 1
3702 0
7191 1
11472 1
9628 1
9543 0
1183 1
10537 0
11112 1
6207 0
10196 1
1511 1
7754 1
3525 0
6562 1
2855 1
524 0
5120 1
6118 1
3526 0
11324 1
7844 1
653 0
992 1
349 1
6918 1
6561 0
11213 1
4876 0
2410 1
3123 1
4403 0
2949 1
260 1
6560 0
7006 1
10448 1
4224 0
9627 1
7101 0
11411 1
2055 1
9183 0
7399 1
2948 1
7573 1
4228 0
1184 1
9364 1
3033 0
1156 1
9540 1
8684 0
3791 1
2501 1
10707 0
11373 1
3127 1
11284 0
5032 1
1510 1
346 1
4675 0
6613 1
6299 0
8768 1
977 1
11111 1
10236 0
10147 1
10301 0
11653 1
3213 1
8724 0
9828 1
4749 0
10755 1
5210 1
6922 1
1095 0
4765 1
11021 1
4766 1
9972 0
3881 1
4404 0
350 1
5643 1
3032 0
6559 1
259 1
7278 0
9544 1
2854 1
683 0
9970 1
2951 1
10665 0
8679 1
9717 1
9632 1
11374 0
2770 1
8678 0
9212 1
6386 1
9094 0
10576 1
10851 0
9721 1
1241 1
6283 0
5121 1
7066 1
10844 1
8683 0
9539 1
10626 1
5119 1
740 0
8813 0
2684 1
3122 1
4944 1
3036 1
8767 0
11679 1
1512 0
7613 1
5300 1
4168 0
6917 1
7455 0
6523 1
7067 1
9718 1
11503 0
7544 1
7483 1
2860 0
7934 1
2946 1
3612 0
11680 1
5741 1
6827 0
1273 1
11325 1
10939 0
6709 1
11414 1
9090 0
10020 1
4586 0
4937 1
9213 1
5831 1
6152 0
9182 1
8723 1
10325 1
7371 0
888 1
5390 1
7156 0
6747 1
7596 0
830 1
8772 1
6702 1
6978 0
5028 1
10716 1
3039 0
5027 1
6742 0
11375 1
9829 1
7531 1
1093 0
11321 0
1601 1
4855 1
8861 0
3792 1
2766 1
9969 1
10357 0
5553 1
5742 1
11592 0
5552 1
4229 1
742 0
11744 1
10096 1
11369 0
3441 1
1067 1
7185 0
10006 1
7614 1
11283 0
4169 1
7157 0
11742 1
8594 1
6889 0
7525 1
8633 1
5642 1
3301 1
10805 0
8677 1
11201 1
9359 0
4836 0
618 1
529 1
1599 0
11651 1
8812 1
10894 0
6119 1
8858 1
794 1
6658 0
6563 1
11035 0
8504 1
11678 1
1003 1
8503 0
8593 1
6300 1
10018 0
6737 1
6653 1
1871 0
11458 1
10414 0
7158 1
11231 1
8766 1
913 1
650 0
5462 1
4671 1
6373 0
8350 0
3524 1
9594 1
5669 0
3793 1
5731 1
7456 1
10850 0
4317 1
5372 1
2412 0
6612 1
8901 1
9629 0
1245 1
9626 1
7005 1
4659 0
9124 1
8814 0
5651 1
9302 1
3437 0
6524 1
3704 1
9883 0
11286 1
6063 1
8900 0
6657 1
823 1
7247 0
4758 1
8084 1
5283 1
8948 0
345 1
9537 0
351 1
682 0
7015 1
7575 1
4140 1
6435 0
3390 1
799 1
804 0
1006 1
8849 1
1064 1
4927 0
6792 1
8173 0
4223 1
3300 0
11020 1
3214 1
10664 0
5830 1
5373 1
6153 1
4925 0
6089 1
3611 1
6890 1
7459 0
10538 1
8860 1
889 0
10943 1
10796 1
9505 0
249 1
6192 0
11710 1
257 1
8427 0
681 1
8590 1
523 1
1690 0
6738 0
9719 1
11323 1
2321 1
5921 0
5922 1
10267 1
6800 0
10356 1
2504 1
8263 0
3351 1
6924 1
8349 0
8415 1
10484 1
1004 1
2054 0
11463 1
3438 0
8517 1
10198 1
7274 0
3531 1
9275 1
11681 0
5211 1
9545 1
5015 0
9392 1
7248 1
5650 0
4787 1
10186 1
5733 0
4764 1
7595 1
8325 0
3031 1
5193 0
7587 1
10663 1
11142 1
9091 0
3352 1
2942 0
8591 1
6801 1
10058 1
10064 0
3442 1
9635 1
9123 0
11287 1
9881 1
6088 0
3382 1
167 1
7275 0
5854 1
8262 1
1084 0
3211 1
9184 1
6916 0
11143 1
5739 1
11034 0
8501 1
7159 1
4136 0
4318 1
1689 1
11500 0
11561 1
6010 1
10573 0
4050 1
9448 1
715 0
2852 1
5823 1
6284 0
9447 1
11110 1
11471 1
3216 0
11464 1
625 1
6109 0
624 0
6659 1
8518 1
1096 1
6710 0
1007 1
3435 1
9738 1
5641 0
3882 1
10302 1
2265 0
8428 1
8260 0
2266 1
6193 1
10376 0
7218 1
1958 1
2950 0
6473 1
2498 1
4746 0
11650 1
8426 1
7338 0
10853 1
4750 0
2677 1
6980 1
4319 1
8765 0
2704 1
10019 1
9035 0
2594 1
168 1
3972 0
4835 1
901 1
8515 0
8264 1
354 1
9093 1
4138 0
7684 1
11233 1
9720 0
10885 1
9122 0
7454 1
9811 1
11591 1
2944 0
6281 1
7994 1
10577 0
8675 0
10097 1
6020 1
8230 1
4226 0
1602 1
7773 1
9684 1
7011 0
10195 1
5562 1
3210 0
9185 1
4875 0
1230 1
11053 0
4492 1
3391 1
5124 1
3353 0
11470 1
1692 1
5765 0
9211 1
7633 1
6384 0
10503 1
1097 1
10852 1
10065 0
2264 1
6649 1
11560 0
2409 1
5973 0
8438 1
8519 0
7281 1
11469 1
831 1
7586 0
5405 1
774 1
2414 0
9269 1
7155 1
7094 0
563 1
993 1
11116 0
11285 1
2320 0
4697 1
9004 1
3472 1
7549 0
7755 1
10108 1
716 0
7548 1
2685 1
10109 1
920 0
10487 1
7497 0
623 1
11282 1
8429 0
1779 1
6206 1
10804 1
5883 0
5122 1
8681 1
10983 0
4134 1
7482 0
6585 1
11196 1
3128 0
739 1
11370 1
10799 1
5668 0
9542 1
10276 1
10392 0
1355 1
4942 0
10485 1
101 0
10884 1
5579 1
3124 1
7526 0
5561 1
9685 1
10488 0
6570 1
8946 1
10390 0
10393 1
4806 1
344 0
11743 1
4958 1
7677 0
9300 1
11677 1
10366 0
6104 1
10806 1
5603 0
7753 1
6211 1
7310 0
8411 1
10578 1
10893 0
4581 1
4657 0
6205 1
5560 1
3030 1
10595 0
10508 1
8120 1
6110 0
5670 1
9121 1
10846 0
9357 1
4079 1
8085 0
921 1
3471 1
3217 1
743 0
3389 0
619 1
2764 1
4141 1
11371 0
1265 1
1011 1
353 0
4646 1
6888 1
10492 0
11221 1
5104 1
7481 0
10892 1
115 1
11410 0
5470 1
6927 1
7305 1
5208 0
3345 0
3125 1
10212 1
1101 0
3621 1
7282 1
5404 0
9930 1
6014 1
9737 1
9975 0
7703 1
4957 1
9976 0
8229 1
5212 0
7663 1
7012 1
8848 0
1965 1
9003 1
4684 1
2590 0
6436 1
4570 1
5298 0
1010 1
10900 1
904 0
5794 1
7365 1
4745 0
4571 1
5387 1
7638 1
11379 0
9840 0
8589 1
9928 1
832 1
8544 0
3561 1
5213 1
7151 0
2231 1
3480 1
10754 0
5520 1
355 1
9739 0
9901 1
1141 1
6619 0
1185 1
9286 1
7571 0
5461 1
2408 1
1008 0
1009 1
8949 0
9376 1
7530 1
10413 0
5284 1
3398 1
5048 1
8425 0
11484 1
3307 1
7304 0
4735 1
11291 1
7619 0
7442 1
11106 1
9416 0
8353 1
10059 1
1104 0
1103 1
3121 1
6383 1
10261 0
1959 1
9454 0
7523 1
2141 0
11028 1
6736 1
11019 1
2595 0
5297 1
11320 1
5371 0
11459 1
11117 1
4869 1
3396 0
6433 0
9973 1
9625 1
10761 0
5302 1
10794 1
7683 1
10888 1
5406 0
6735 1
8774 1
5734 0
3961 1
5137 0
2592 1
4661 1
10466 0
2322 1
5573 1
5667 0
4645 1
8926 1
11144 1
4408 0
10066 0
8320 1
6711 1
7546 1
592 1
738 0
8265 1
5139 1
5653 0
815 1
8605 0
474 1
8413 1
7862 0
159 1
11415 1
8950 1
3521 0
11290 1
8775 0
9809 1
5740 1
3126 0
1796 1
9506 1
244 0
11105 1
11715 0
10351 1
11192 1
975 1
4225 0
684 1
3304 1
8430 1
6463 0
10110 0
11205 1
10981 1
6345 1
4924 0
4896 1
9033 1
11559 0
5730 1
11071 1
3346 1
7007 0
8903 1
6981 1
2500 0
3436 1
7428 0
6462 1
8680 0
10446 1
620 1
1966 1
9631 0
6568 1
811 0
8608 1
1040 1
714 1
9267 1
4956 0
7634 1
2440 1
3263 0
3137 1
3852 0
525 1
7871 1
5026 1
4048 0
8341 1
10791 1
3722 0
3303 1
10764 0
8437 1
5547 1
8588 0
7353 1
6522 1
10266 0
737 1
4847 0
978 1
6656 1
9504 1
5824 0
5912 1
1275 1
7102 0
7283 1
744 1
11601 0
11070 1
4985 1
6712 0
6389 1
7127 1
6137 1
10847 0
1012 1
5828 0
6622 1
4135 0
11676 1
8567 1
3744 1
7995 0
6122 1
7793 1
5729 0
8656 1
9919 1
9736 0
6623 1
6495 1
6102 1
10929 0
3700 0
10303 1
3942 1
4249 0
6062 1
6047 1
6029 1
5820 0
8993 1
10396 1
3705 0
680 1
7496 0
2415 1
9593 1
10572 0
9968 1
8592 1
6198 0
11073 1
10672 1
710 1
7064 0
1636 1
5910 1
4530 0
5704 1
10881 1
829 0
4493 1
770 1
3215 1
11280 0
8210 0
11204 1
7457 1
768 1
10502 0
814 1
3129 1
10505 0
11141 1
2851 1
9886 1
717 0
5577 1
5476 0
10934 1
5735 1
7728 0
4780 1
9503 1
263 1
5640 0
627 1
9507 0
8709 1
10666 1
2326 0
5494 1
1175 1
1500 0
2587 1
4761 1
5203 0
6002 1
10556 1
718 0
8947 1
5490 1
7202 0
7794 1
8527 1
3811 0
7063 1
9885 1
443 0
3655 1
7339 1
3901 1
7962 0
3520 1
10155 1
11483 0
8352 1
3486 1
1725 0
8587 1
2773 0
10240 1
7752 1
8498 0
9287 1
1131 1
10880 0
7068 1
7781 1
5559 0
7372 1
5833 1
1066 0
2176 1
10482 1
961 0
4744 1
7843 0
10465 1
4595 1
9508 1
7766 0
6021 1
339 1
7756 1
8139 0
1546 0
962 1
6533 1
8595 0
9839 1
11114 1
8266 0
5759 1
5580 1
7905 1
4955 0
10176 1
10583 1
887 1
6456 0
8175 1
10584 0
8607 1
8892 0
10793 1
6092 1
8170 1
5118 0
250 1
9418 1
8609 0
7070 1
9051 1
4498 1
10178 0
8354 1
7250 0
8431 1
3620 1
3609 0
10585 1
7524 1
8857 1
9750 0
6444 1
7453 0
6030 1
5693 1
7441 1
5136 0
9465 0
7440 1
4748 1
10122 1
8891 1
11318 0
1737 1
6161 0
6295 1
11229 1
6470 0
861 1
7004 1
7354 0
11279 1
7404 1
5458 0
826 1
9884 1
1039 1
4781 0
10491 1
1937 0
5645 1
9555 1
1598 1
7407 0
6347 1
6372 0
5548 1
4696 1
2327 0
4807 1
5487 1
6243 0
2441 1
10445 1
2350 0
1209 1
9796 1
2893 0
7826 1
1803 1
2230 0
5074 1
5469 0
5743 1
1885 1
9177 1
9898 0
4248 1
204 1
294 0
726 1
9827 0
4670 1
1445 1
8620 1
6191 0
1278 1
905 1
10275 0
11407 1
5958 1
7951 0
7336 1
2802 1
4839 1
8441 0
1102 0
6618 1
4757 1
10507 1
8083 0
10199 1
8140 1
1367 0
11322 1
1100 1
8174 1
4496 0
7875 1
4407 1
11460 0
6093 1
2761 0
4142 1
11115 0
9644 1
9624 1
3945 1
6617 0
4658 1
7069 0
1174 1
11741 1
10244 1
4718 0
11620 1
8052 1
10575 1
4782 0
11382 1
3803 0
2447 1
9977 1
1766 1
9810 0
8236 1
685 0
8925 1
8048 1
10795 0
991 1
6101 1
2728 0
5303 1
11108 1
8408 1
537 0
11140 1
5489 0
1535 1
6179 1
10183 0
9214 1
4929 1
5513 1
334 0
1714 0
1331 1
8725 1
3383 1
10495 0
5202 1
7244 1
9774 0
10032 1
26 1
6282 0
5566 1
1081 1
9929 0
7124 1
5496 1
4032 0
8177 1
7340 1
11714 1
6382 0
5228 1
8685 0
7961 1
6251 1
6178 0
8235 1
158 0
8342 1
7487 1
8252 0
7405 1
10111 1
7576 0
9791 1
8759 1
6891 0
9329 1
171 1
10975 1
1600 0
2413 1
864 0
3711 1
1715 1
7112 1
11587 1
9034 0
5488 0
7916 1
5304 1
7933 0
5126 1
8670 1
1847 1
2943 0
11553 1
6982 1
3943 0
9081 1
7874 1
8708 0
4567 1
3706 1
7727 0
1221 1
6091 0
8024 1
5602 1
6015 0
613 1
3946 1
3699 0
8893 1
11552 1
11236 0
8596 1
3656 1
10762 0
4122 1
7264 1
803 0
9863 1
7203 1
11739 0
9415 1
10930 1
949 1
10618 0
8086 1
5394 1
7061 0
7249 1
10177 1
3527 0
1362 1
2850 1
10703 1
2324 0
797 1
11311 0
10481 1
9714 1
1208 0
10121 1
1263 0
8636 1
3481 1
8455 0
9880 1
5414 1
4078 0
3571 1
4129 1
10970 1
8637 0
1118 1
9788 1
3262 1
775 0
262 0
5578 1
4587 1
7259 1
736 0
10889 1
6341 0
11200 1
6437 1
9795 1
7873 1
3431 0
424 1
11482 1
10890 0
6828 1
1041 1
5974 0
560 1
5913 1
10214 0
5369 1
10982 0
9040 1
9146 1
11468 0
8566 1
10848 1
5163 0
10087 1
7170 0
7484 1
8041 1
10211 0
7785 1
4834 1
5644 1
1152 0
824 1
7665 1
7705 1
9634 0
6480 0
9417 1
2174 1
11378 1
1875 0
7194 1
8477 1
8040 0
11619 1
1499 1
5318 0
5555 1
922 1
5460 0
7113 1
9083 1
11406 0
9953 1
5871 0
475 1
7462 1
3802 1
3040 0
11618 1
11602 1
6791 0
1190 1
5315 1
3397 0
7518 1
1276 1
1892 1
2367 0
4677 1
7736 0
6434 1
2529 0
9179 1
10467 1
6250 1
2774 1
1552 0
11163 0
10419 1
6380 1
531 1
1051 0
4582 1
9016 1
6004 1
4222 0
7024 0
6616 1
8836 1
4504 1
386 1
8992 0
10307 0
1176 1
9927 1
10194 1
8506 1
7263 0
7729 1
10617 1
7639 0
5919 1
3388 0
2768 1
5493 1
7394 0
10752 1
8412 0
6257 1
5135 1
4046 1
5391 0
8815 1
5035 1
8184 1
4569 0
10285 1
7997 0
10330 1
8299 1
11132 0
6478 1
12 1
4654 0
9997 1
4441 1
9087 1
7303 0
8318 0
11147 1
5550 1
4218 1
6046 0
4415 1
243 1
9633 0
3264 1
6457 1
629 0
5014 1
10284 1
9325 0
8006 1
3834 1
3923 0
2615 1
11529 1
6534 1
2144 0
8070 1
4219 0
4756 1
5075 0
2140 1
7507 1
9595 1
4662 0
1706 1
6181 1
7134 0
9356 1
2804 1
1013 1
10067 0
3714 1
6200 1
7547 0
3723 1
5940 1
6499 0
7884 1
1560 0
8119 1
1462 0
9597 1
4068 1
648 1
7792 0
723 1
9050 1
9326 1
6943 0
6008 1
7616 0
3022 1
10403 1
2175 0
7666 1
7160 1
8606 0
2712 1
2876 0
4833 1
2170 1
10200 1
7434 1
900 0
10974 0
2366 1
2505 1
562 1
890 0
5601 1
3857 1
2875 0
4573 1
4148 1
6552 0
10324 1
8982 1
4588 0
7676 1
1677 1
8914 0
9481 1
6348 1
702 0
8565 1
2035 1
649 0
1082 1
5397 1
621 1
7195 0
10971 1
5825 1
9931 0
1456 1
4608 0
383 1
2705 0
1451 1
4044 1
1513 1
5249 1
5192 0
9084 1
6366 0
8147 1
3978 1
11505 0
3255 1
10215 1
5199 1
5194 0
9879 0
11026 1
8355 1
5850 1
11234 0
3440 1
8798 1
6790 0
8319 1
10976 1
11652 1
5114 0
6838 0
9740 1
8758 1
1358 0
2232 1
4959 1
6882 1
7080 0
6370 1
8497 1
10358 0
3209 1
10289 1
2143 1
7316 0
3218 1
10597 0
6701 1
8634 1
3208 1
2619 0
4143 1
8176 1
10710 0
9536 0
5914 1
11467 1
10395 1
5335 0
11072 1
11711 1
10790 0
6748 1
10668 1
6706 0
7171 1
6405 1
4606 1
10184 0
5159 0
8169 1
4516 1
6210 1
10031 0
3707 1
2456 1
5316 0
6071 1
9001 0
2165 1
3888 1
261 1
423 0
10334 1
10717 0
1826 1
1982 1
6332 1
1804 0
2084 1
7543 1
6455 1
8802 0
10973 0
758 1
953 1
7682 1
7965 0
10105 1
2866 1
10857 1
539 0
2142 0
8604 1
4965 1
7493 1
4477 0
3622 1
11439 1
3795 1
5374 0
7480 1
11504 0
4313 1
9197 1
3384 0
9733 1
2368 1
2081 1
10936 0
6385 0
6567 1
1716 1
5471 1
5162 0
10468 1
2964 1
5037 0
4414 1
708 0
5338 1
8913 1
559 1
6973 0
1630 1
858 1
1083 0
7221 1
2183 1
197 0
10504 1
4497 1
502 0
951 1
8051 1
11465 0
6974 1
5317 1
5305 0
847 1
1187 1
8699 0
7349 1
9920 1
5654 1
503 0
6494 1
10539 0
6749 1
4655 1
5117 0
8389 1
678 0
11043 1
7193 1
9698 1
4691 0
352 1
9825 1
9921 0
687 1
7841 1
6136 0
5766 1
4840 0
5491 1
1452 1
3485 1
9266 0
3350 1
8789 1
11232 0
8668 1
9446 1
6553 0
68 1
10098 0
9463 1
1495 1
157 1
429 0
3136 1
6151 1
8414 1
1719 0
3253 0
3991 1
6944 1
4949 1
3254 0
9643 1
10749 1
6855 0
533 1
10283 0
8069 1
107 1
9039 0
2537 1
9942 1
11102 1
10704 0
3788 1
4601 0
859 1
1461 1
6798 1
6005 0
7508 1
4105 1
3962 1
3257 0
8521 1
5882 1
4233 0
10753 1
7033 0
8545 1
6289 1
11051 0
6154 1
9608 1
10216 0
1405 1
6925 1
10306 0
6624 1
2727 1
3892 0
2036 1
5024 1
10540 0
9943 1
5924 1
6979 1
9697 0
1274 0
9794 1
4061 1
7400 1
6252 0
4572 1
4130 1
3443 0
384 1
6160 1
82 1
9741 0
979 0
7351 1
3392 1
10494 0
4566 1
8516 1
2538 1
4767 0
1795 1
3562 1
8436 0
960 1
3519 0
8324 1
3887 1
535 1
2528 0
11593 1
8698 1
5930 0
7153 1
5572 1
5604 1
10989 0
2787 1
8208 0
9299 1
873 1
83 1
10839 0
8351 0
9923 1
1356 1
8863 0
6934 1
10709 1
7863 1
7593 0
6766 1
4609 1
10094 1
3833 0
4936 1
3698 1
9015 0
7452 1
1411 0
10364 1
7226 1
5931 0
3219 1
2318 1
6430 0
8961 1
7667 1
2713 0
3042 1
2765 1
11641 1
1717 0
1050 1
11235 0
7979 1
8962 0
7772 1
3576 1
1945 1
6521 0
10052 1
7403 0
4259 1
3175 1
4309 1
9237 0
11193 1
9888 1
11372 0
1188 1
106 1
713 0
1827 1
2311 1
10931 0
6438 1
2222 1
1509 0
9899 1
10125 1
6241 0
10789 1
7686 1
701 0
10628 1
6098 1
3623 1
6705 0
11531 1
7262 0
10750 1
11558 1
5760 0
8225 1
4747 1
2714 1
5463 0
245 1
10486 0
8340 1
8478 1
7572 0
7620 1
251 1
9393 0
4387 1
10747 1
8137 1
10004 0
3960 0
9304 1
10399 1
5134 1
676 0
2124 1
6045 1
1809 0
1554 1
7842 0
7363 1
711 1
2686 1
10106 0
5408 1
1797 1
6844 1
2145 0
522 1
5337 0
805 1
630 0
6892 1
10630 1
5482 1
8632 1
5783 0
7856 1
9032 0
10990 1
10273 1
4482 0
8326 1
5375 1
6268 0
686 1
10803 1
11496 0
7751 1
6404 1
3941 1
10557 0
8227 1
7498 0
5515 1
7700 1
8851 0
10840 1
10891 1
9173 0
4895 1
4676 1
7541 0
9324 1
6708 1
9797 0
2177 1
1018 1
1310 1
3893 0
5909 1
1266 1
700 0
7048 0
5758 1
1899 1
9301 1
9036 0
11252 1
161 1
2353 1
6253 0
2687 1
2422 1
916 0
11555 1
7866 0
5039 1
248 0
9699 1
5705 1
2620 1
7044 1
7335 0
5998 1
4565 1
9198 0
9570 1
2539 1
5115 0
9832 1
7710 0
11319 1
874 0
5339 1
8787 1
2233 1
784 0
3139 1
2094 1
2449 0
6032 1
5638 1
3710 1
8071 0
7038 0
4594 1
10713 1
3131 1
8338 0
1424 1
10759 1
3767 0
8499 1
444 1
434 0
9089 1
4788 1
7041 0
518 1
3102 1
3743 1
11237 0
8211 1
1453 0
8226 1
8617 1
10400 0
10767 1
6103 1
102 0
10033 1
10277 1
3785 1
1129 0
8249 0
3894 1
1553 1
1068 1
517 0
6000 1
1352 1
8336 1
5282 0
8581 1
7323 0
3086 1
4439 1
7443 0
9854 1
10416 1
5466 0
3138 1
10068 1
9804 0
6527 1
608 1
595 0
10179 1
11716 1
1316 1
7840 0
6637 1
3596 0
6097 1
609 1
6767 0
10895 1
11647 1
71 0
3947 1
615 1
2597 0
3569 1
9889 1
8942 0
8298 1
2953 1
9724 1
11640 0
10326 1
936 0
8042 1
4250 1
3190 0
2801 1
2215 1
6177 0
709 1
2627 1
2907 0
10768 1
10453 1
9952 0
5957 1
10377 1
5388 0
6001 1
7495 0
9963 1
6915 1
9170 1
2621 0
10352 1
11109 1
7982 0
7395 1
2629 1
460 0
7955 1
7958 1
8502 1
5872 0
8586 1
8674 1
140 0
5389 1
7284 0
1802 1
3174 1
9088 0
7174 1
3940 1
5847 0
461 1
9548 1
9890 0
1404 1
5849 1
2941 0
7569 1
255 1
6194 1
10715 0
8259 1
8902 1
11405 0
7105 1
7996 0
11573 1
3046 0
10141 1
10243 1
6713 0
703 1
2726 1
9823 0
668 1
7049 1
3565 1
10095 0
995 1
6167 1
9546 0
7782 1
153 1
9000 0
77 1
11327 1
9642 0
3048 1
4352 0
205 1
198 1
1640 1
636 1
2235 0
4214 1
10849 1
2336 0
9916 1
3228 0
6369 1
10405 0
7946 1
10878 1
8136 1
7533 0
3610 1
10101 1
3532 0
8667 1
9764 1
2497 1
3597 0
4698 1
10088 0
203 1
4517 1
1297 0
10350 1
5869 1
9815 0
7592 1
4043 1
7438 0
8585 1
78 1
6006 0
1886 1
160 1
7392 0
5127 1
2238 1
2448 0
1536 1
11044 1
2319 0
1457 1
5467 1
4132 0
1171 1
10571 1
8095 1
6225 0
10294 0
9502 1
2525 1
2277 1
2763 0
1550 1
11703 1
769 0
11057 1
5982 1
6677 0
2636 1
11194 1
4139 0
8335 1
10012 1
10401 0
9855 1
10967 1
1798 1
8939 0
7771 0
5164 1
7709 1
4644 1
5396 0
1757 1
4923 0
7568 1
9355 1
9651 1
4206 0
1644 1
5565 1
2580 0
10011 1
2940 0
6972 1
3479 1
5215 1
7417 0
7176 1
10661 1
10379 0
11134 1
1729 1
5960 0
9014 1
7478 1
7738 1
192 0
7242 1
7324 0
4194 1
1946 1
281 0
2932 1
10883 1
7350 0
4548 1
10945 1
6558 1
10792 0
11220 1
1501 1
10124 0
7657 1
5497 0
3047 1
10213 1
9841 0
564 1
7522 1
9480 0
5756 1
8317 1
9265 0
11017 1
8053 1
11588 0
1991 1
5325 1
1782 0
3608 1
4212 0
3395 1
3766 1
2716 1
11224 0
4238 1
3165 1
10944 1
8584 0
2623 1
1545 1
3075 0
2213 1
937 0
6078 1
8495 0
9706 1
3132 1
2152 1
4596 0
2236 1
3432 1
675 0
4476 1
9556 1
4297 0
11013 1
5757 1
745 0
10175 1
6676 1
10763 0
8873 1
9260 1
2617 0
8745 1
2547 1
9641 1
1372 0
230 1
9822 0
9838 1
1351 1
2793 1
11457 0
4774 1
7615 1
10154 0
5485 1
7093 0
6421 1
679 0
6079 1
959 1
9887 1
1591 0
10112 1
7532 1
3043 0
2234 1
8977 1
1665 1
2711 0
3192 1
7413 1
9853 0
2005 1
4244 0
6293 1
3971 1
9878 1
3875 0
10304 0
5165 1
7243 1
5073 0
10613 1
6583 1
1542 1
6095 1
3685 0
10979 1
4964 0
7222 1
8443 1
9373 1
4841 0
5480 1
5245 0
10961 1
5677 1
646 0
9389 1
1014 0
8999 1
2715 1
5819 1
6270 0
3473 1
9522 1
3799 0
828 1
152 1
2630 0
10615 1
6529 1
3568 0
10946 1
7408 1
6108 1
6256 0
7998 1
296 0
8762 1
7332 1
1944 0
1534 1
7241 1
10699 0
8697 1
4511 1
3976 0
3992 1
9882 1
4039 0
6569 1
806 1
2803 1
2778 0
4619 1
8347 0
8877 1
8850 1
1465 0
6660 1
7935 1
7341 1
6571 0
10010 0
11550 1
7661 1
759 1
2637 0
1576 1
6182 1
3883 0
5464 1
2246 1
2048 0
10621 1
2588 1
50 1
5983 0
6180 1
3394 0
6367 1
9610 1
5557 0
11040 1
11554 1
9873 0
3616 1
7240 0
846 1
9682 1
4393 0
341 1
1857 1
4033 0
8770 1
3119 1
7123 1
3344 0
9813 1
105 1
721 0
5140 1
8707 1
11393 0
2080 1
9613 1
1062 0
2676 1
5426 1
1262 0
8825 1
3598 1
1015 0
7355 1
5822 1
5415 0
1508 1
2883 0
9092 1
1403 1
342 1
9924 0
7959 1
7640 1
6287 0
10362 1
7388 1
8158 0
7260 1
5769 0
3654 1
3166 1
9914 0
4327 1
6459 1
1728 1
2062 0
7198 1
8611 1
4116 0
2965 1
5431 0
1626 1
2530 1
790 0
628 1
7333 1
8178 0
6977 1
11288 1
9095 1
8081 0
1650 1
924 1
1730 0
9978 1
266 1
10517 0
4520 1
9808 1
6183 0
2149 1
7778 1
5512 0
11514 1
1366 1
5999 1
7931 0
11498 1
6674 0
7082 1
11292 1
1268 0
6276 1
4421 0
2675 1
8943 1
10151 1
10085 0
7765 1
3728 1
10609 0
11586 1
10745 1
7881 0
651 1
919 1
4348 0
6275 1
1877 1
7859 0
5158 1
2261 1
5851 0
1463 1
4015 1
7416 0
2708 1
4417 1
6080 0
9261 1
10607 1
7719 1
11648 0
7915 1
9552 1
4585 0
1329 0
950 1
9951 1
5292 1
1718 0
10627 1
8721 1
2678 0
10732 1
547 1
63 0
2996 1
7220 0
9497 1
4328 1
2939 0
10964 1
7032 1
4386 1
8823 1
1373 0
7693 0
6739 1
11627 1
9900 1
2719 0
7079 1
5393 1
994 0
8022 1
3084 1
3713 0
6279 1
7364 1
9236 1
11655 0
10896 1
4642 1
11066 0
4059 1
11481 0
7789 1
2963 1
4217 0
5099 1
8878 1
4302 1
2455 0
7314 1
8316 0
2435 1
5584 1
4432 1
4118 0
8669 1
6203 0
10263 1
6371 1
11708 1
9980 0
7864 1
1815 1
5767 0
10017 1
1087 0
11029 1
9674 1
10807 0
10698 1
7718 1
6824 0
9659 1
5051 1
6548 0
10380 1
3293 0
4547 1
11574 1
7169 1
5610 1
1371 0
2843 0
11376 1
6431 1
5206 1
9383 0
9457 1
1229 1
5554 0
422 1
8045 1
10954 0
9932 1
4040 1
5514 0
7964 1
2586 1
6185 1
4433 0
5113 0
4160 1
8874 1
6186 1
1712 1
10182 0
1108 1
5575 0
8274 1
7688 1
10972 0
9925 1
6391 1
5403 1
10901 0
8621 1
10190 1
5768 0
516 1
8209 0
538 1
10042 0
7991 1
3045 1
10262 1
5761 0
11042 1
8439 1
1330 0
10686 1
8520 1
6226 0
5706 1
136 1
1575 0
9141 1
9999 1
7880 0
10100 1
9230 1
6087 1
7035 0
5916 0
5821 1
10528 1
6887 1
10201 1
605 0
6951 1
9937 0
9547 1
6971 1
7889 0
4155 1
551 1
9812 0
6587 1
343 1
247 0
2818 1
5881 1
302 0
8937 1
4062 0
4159 1
5301 1
174 1
915 0
11312 1
546 1
2541 1
3204 0
3659 1
4144 1
4557 0
7311 1
4045 0
4556 1
6460 1
2004 1
3653 0
6294 0
8163 1
5402 1
7701 1
1667 0
5312 1
7152 1
1610 0
8966 1
4337 0
3101 1
1631 1
8476 1
9519 1
5581 0
7494 1
1543 0
2188 1
4555 1
2060 0
5128 1
9390 1
8852 1
5201 0
10529 1
6933 0
7721 1
5400 1
11663 0
11456 1
4653 1
6511 0
5962 1
4342 1
2407 0
6992 1
871 1
10104 1
10526 0
173 1
3595 1
7429 0
610 1
4121 0
10310 1
3970 1
9731 1
9793 0
1687 1
4877 0
1038 1
8386 1
3085 0
5012 1
7362 1
7315 0
9139 1
4568 1
2344 0
7337 1
10535 0
8686 1
9298 1
8790 1
4430 0
2669 1
9773 1
2126 0
7739 1
2798 1
5932 1
4012 0
10978 1
10629 0
6340 1
11058 1
9105 0
3429 1
9178 0
1474 1
11731 1
6950 1
9351 0
2401 1
11155 1
3638 0
514 1
4546 1
2842 0
4437 1
446 1
9029 1
4251 0
6826 1
6314 0
7139 1
9194 0
6734 1
5611 1
9549 1
6572 1
3505 0
10063 1
2156 0
6879 1
9118 0
6164 1
7343 1
9964 1
1908 0
5991 1
336 1
8727 0
8728 1
1643 1
8025 1
2956 0
7611 1
3044 1
280 0
3347 1
10932 1
10454 0
5251 0
4391 1
11309 1
998 0
10343 1
10092 1
5852 0
7150 1
614 1
4350 1
11598 0
4897 1
1648 1
387 0
5832 1
2051 1
6477 1
10309 0
7224 1
3220 0
5252 1
3258 1
10950 0
11314 1
4773 1
5652 0
3279 1
5016 1
6645 1
8940 0
8020 0
4966 1
1997 1
9440 1
11046 1
10438 0
10800 1
1092 0
9176 1
5902 1
6162 0
8528 1
2959 0
2356 1
11404 1
800 1
10902 0
10367 1
57 0
8023 1
1486 1
810 0
4014 1
5377 1
2762 0
172 1
11617 1
4388 0
8257 1
9989 1
5314 0
3639 1
4310 1
8043 1
11549 0
8234 1
7828 1
4961 0
8671 1
4600 1
7128 0
10657 1
10242 1
10202 0
7577 1
536 1
4641 0
9649 1
6240 1
5624 0
6134 1
11244 1
3168 0
6163 1
6839 1
5253 0
553 1
7047 1
3922 0
6065 1
10751 0
6474 1
4984 1
11368 1
10719 0
295 1
1917 0
10728 1
3229 1
11130 1
5655 0
11014 1
9242 1
7724 1
1962 0
3164 0
9596 1
9412 1
3662 0
1151 1
9847 1
7175 1
10817 0
7692 1
561 1
7529 1
7040 0
4170 1
10014 1
1485 0
7861 1
3979 1
4602 0
2026 1
3599 0
5053 1
3856 1
7414 0
8167 1
8315 1
11198 0
7227 1
3959 1
6018 0
1313 1
1321 1
1193 0
5690 1
3041 1
8927 0
2049 1
8296 1
9800 0
2870 1
10835 1
4982 1
428 0
5473 1
4848 0
5679 1
647 1
427 0
8736 1
635 1
11219 0
229 1
1049 1
9020 0
10906 1
9650 1
1805 1
2527 0
3871 0
9375 1
7818 1
7039 1
10053 1
4060 0
5880 1
9789 0
10365 1
534 0
7662 1
3507 1
7489 1
1363 0
8268 1
6420 1
4668 0
1220 1
8853 1
6184 0
3885 1
1854 1
10591 0
1179 1
9787 1
6589 1
3873 0
9638 1
9909 0
5101 1
5296 1
7140 0
3299 1
4167 1
5418 1
10836 0
1777 0
8363 1
2800 1
6856 1
6278 0
1819 1
5868 1
6077 0
7908 1
9379 0
10912 1
288 1
11316 0
5329 1
7550 1
2957 1
4652 1
7791 0
8960 0
6503 1
5116 1
1616 1
585 0
4239 1
11342 1
4733 0
4866 1
8004 1
997 0
8440 1
9285 1
8087 0
656 1
5984 1
9009 0
7479 1
191 1
3661 0
4603 1
4260 1
7879 0
8618 1
10580 1
8824 0
6016 1
6365 1
9509 0
4960 1
10966 0
2952 1
3013 1
4791 1
8931 0
64 1
1019 1
9149 1
8050 0
46 1
3135 0
2133 1
3782 1
1493 0
9284 1
4579 1
10625 1
558 0
4491 1
1365 0
1284 1
4213 1
2309 0
3341 1
7795 1
6600 0
584 1
4871 0
6199 1
10544 1
5937 1
2720 0
5856 1
11050 1
3487 0
1296 1
1473 1
9152 1
4752 0
722 1
10670 1
3686 0
10599 1
3574 0
9915 1
6038 1
8072 1
1846 0
7807 1
4637 1
10658 0
3872 0
10937 1
8144 1
7168 1
11506 0
9126 1
3921 1
9150 0
10043 1
11599 1
7660 0
11683 1
7907 1
3385 0
1533 1
8928 1
2098 0
8327 1
4808 1
849 0
8706 1
4521 1
9805 0
9713 1
6190 1
973 0
3488 1
7318 1
9801 0
8705 1
10678 1
579 0
2242 1
7016 1
3023 0
8764 1
4230 1
3632 1
1555 0
3637 1
9559 0
2150 1
1556 1
1547 0
10015 1
7883 1
9229 0
9922 1
5972 1
8944 0
10662 1
4195 1
8273 0
2137 1
3800 1
9231 1
4599 0
2982 1
8953 0
10127 1
3014 1
10787 1
9758 0
7944 1
674 1
4257 0
9705 1
4385 0
2756 1
9444 1
10264 0
9765 1
5142 0
25 1
2443 1
7630 1
6544 0
6223 1
10697 1
5100 0
8435 1
5070 1
10673 1
594 0
1918 0
10062 1
2966 1
5205 0
6543 1
10608 1
8162 1
4431 0
8726 1
8044 1
7266 0
1260 1
8231 0
4029 1
4987 1
5976 0
7973 1
2416 1
3298 1
9328 0
8733 1
7490 1
4843 0
612 1
431 1
2960 0
2721 1
2495 1
7412 0
2780 1
10038 1
9520 0
6642 1
11018 0
4035 1
9331 1
11253 1
8817 0
2279 1
3549 1
1269 0
827 1
3296 1
4253 0
9426 1
9819 1
10701 0
11572 1
1981 1
8532 0
3973 1
5240 1
6853 0
6547 1
6201 1
62 0
3052 1
2672 1
9894 0
4400 1
7631 0
9533 1
10598 1
9479 1
477 0
246 1
6242 1
9109 0
10493 1
9799 1
4261 0
7334 1
5231 1
10090 0
11315 1
8346 1
9862 1
10483 0
3543 1
7084 0
4933 1
1228 0
2097 1
5521 1
5956 0
340 1
5050 1
7815 1
7649 0
6127 1
10449 1
2894 0
5098 1
5977 1
7646 0
9466 1
7062 0
11644 1
5076 1
1872 1
6796 0
10988 1
8007 1
391 0
9974 1
6133 1
10013 0
10044 1
6549 1
1603 0
2865 1
6469 1
7037 0
5475 1
10089 1
3798 1
10282 0
8145 1
5293 0
10748 1
8393 1
7326 0
3988 1
10879 1
10687 0
5483 1
100 1
6857 0
733 1
6829 1
11399 0
7929 1
9290 1
11623 1
3693 0
2421 0
10086 1
862 1
5295 1
8924 0
3483 1
10822 1
145 0
677 1
9216 1
6048 0
10093 1
6696 1
5738 0
9195 1
5056 1
5946 1
3575 0
7878 0
1443 1
8859 1
2220 1
7819 0
5319 1
9609 0
645 1
9852 1
1783 1
5239 1
8094 0
9727 0
11230 1
7261 1
5281 1
1391 0
11078 1
1088 1
2325 1
5157 0
8366 0
6995 1
7415 1
4285 1
5926 0
8138 1
5576 1
1548 0
8159 1
10394 1
6290 0
9018 1
9259 1
10834 0
10729 1
5379 0
5888 1
193 1
9784 1
3476 0
2579 1
5310 1
5796 0
3955 1
4647 1
4413 1
27 0
7013 0
8915 1
10040 1
555 0
11403 1
7882 1
7514 1
7292 0
9917 1
1888 1
10695 0
2115 1
3173 1
1868 1
511 0
5143 1
8983 0
10398 1
10605 1
10143 1
2272 0
565 1
7154 0
4457 1
9515 1
4027 0
7691 1
6775 1
763 0
7025 1
6638 1
5110 1
199 0
5109 1
10963 0
11622 1
4643 1
4743 0
9962 1
3958 1
5687 0
11079 1
1026 1
6554 1
8704 0
8507 1
1279 0
10955 1
9902 1
1887 1
11197 0
10977 0
3393 1
11625 1
7694 1
9876 0
10645 1
8272 1
3230 0
8923 1
7186 1
5885 0
7888 1
7534 1
6135 0
8635 1
4598 1
1909 0
1629 1
9585 1
9358 0
10091 1
6121 1
2578 0
3694 1
4523 1
11547 1
1786 0
6022 0
5920 1
10531 1
7656 1
3624 0
1218 1
2112 1
3024 0
2577 1
2889 1
6751 0
1119 1
1132 1
2531 0
3547 1
10554 1
10634 0
5320 1
8622 1
7451 1
11603 0
2439 1
8834 0
8019 1
7774 1
7273 0
1459 1
9647 1
4823 0
331 1
10415 1
6377 0
301 1
2458 1
5236 0
11129 1
3951 1
5516 0
4283 1
4106 1
9941 0
110 1
7293 1
1386 1
2697 0
6479 1
9458 1
3603 0
2155 1
9818 0
8479 1
8300 0
10231 1
1227 1
6343 1
6788 0
5399 1
9027 0
11190 1
9235 1
1540 1
4402 0
8238 1
5227 1
9749 0
9751 1
3221 1
3784 1
4150 0
5893 1
7133 0
4489 1
3765 1
11416 0
2506 1
2979 1
791 0
10786 1
5313 0
7810 1
4107 1
8321 1
8077 0
9856 1
5146 1
4030 1
10776 0
10005 1
669 1
6031 0
1977 0
7584 1
1170 1
9384 1
3625 0
9243 1
8546 1
10828 0
5504 1
4295 1
9337 0
5474 1
6984 1
4947 0
11326 1
6539 1
457 0
11308 1
885 1
1734 0
1947 1
11546 1
6188 1
2972 0
5020 1
5478 0
7757 1
10126 1
10647 0
6159 1
3167 1
3965 1
9268 0
10838 1
10437 0
348 1
4294 0
9262 1
11713 1
5587 0
367 1
5918 1
7401 0
10730 1
10424 1
10586 1
9568 0
8582 1
2009 1
7272 0
875 1
7730 1
7389 0
1633 1
10542 1
4038 1
11009 0
9875 1
2576 0
7325 1
1557 1
3227 1
10810 0
1016 0
7086 1
5225 1
654 1
1708 0
892 1
11228 1
2777 0
8131 1
7391 0
11145 1
7704 1
8033 1
7045 1
5923 0
7488 1
3954 1
1441 0
3130 1
10731 0
7204 1
6914 1
1563 0
10604 1
7519 1
9645 0
10820 1
7788 1
9792 1
8334 0
426 0
10268 1
7254 1
10744 1
3578 1
8304 0
11604 1
4196 0
2349 1
9553 1
9623 0
10489 1
3308 1
1778 0
5401 1
10373 1
20 0
7317 1
8597 1
5189 0
10456 1
4340 1
10655 0
3617 1
4145 1
10378 1
11054 0
6346 1
2906 0
554 1
5067 1
5424 1
10069 0
11227 1
6628 0
11532 1
8907 0
5413 1
470 1
5324 0
7917 1
2308 1
5970 1
7900 1
3029 0
4304 1
8364 0
3865 1
10290 1
996 0
3548 1
9394 1
10766 0
9462 1
4483 1
3933 0
6639 1
6509 0
4422 1
3530 1
357 0
8919 1
10922 1
2607 1
2533 0
6254 1
297 0
1207 1
10679 1
1476 1
9759 1
8135 0
4551 1
7540 1
9711 0
5906 1
9514 0
5707 1
1318 1
8847 0
300 1
3053 1
4021 1
10801 0
1627 1
9742 1
6586 0
5279 1
5066 0
8076 1
1527 1
6344 1
1521 0
2351 1
9615 1
6774 0
10913 1
935 1
9710 0
1609 1
9108 1
7610 0
10479 1
3925 1
372 0
611 0
10570 1
2598 1
8168 1
10241 0
934 1
8157 0
7141 1
10129 1
11597 0
1397 1
6113 1
6675 1
1541 0
10440 1
10515 1
3790 0
3657 1
1901 1
2147 0
1666 1
7655 1
3949 1
3074 0
11169 1
641 0
5803 1
3120 1
3546 0
1249 1
989 0
7184 1
2008 1
6991 1
501 0
11400 1
8409 0
11010 1
9661 1
111 0
1042 1
11461 1
10733 1
10152 0
4018 1
1309 1
8578 1
5046 0
4071 1
7816 0
673 1
10146 1
5894 0
9904 1
6627 1
3416 1
6483 0
1671 1
3474 0
11138 1
9658 1
1481 0
11025 1
58 0
5238 1
1976 1
5204 1
6729 0
10 1
5701 0
731 1
2052 1
3415 1
7723 0
10120 1
884 1
5649 0
1787 1
5428 1
2307 0
5589 1
8232 1
7674 0
5675 1
7172 1
6106 1
4481 0
2984 1
3666 0
8854 1
9191 1
7235 1
5751 0
1634 0
10103 1
10210 1
7787 1
2239 0
3430 1
8110 0
4915 1
10130 1
1140 1
6357 1
10784 0
73 1
1845 0
4067 1
1974 0
6292 1
1900 1
879 1
4685 0
81 1
5732 1
5407 1
5943 0
5216 1
8337 1
7382 0
4070 1
1849 1
8963 0
1173 1
734 0
8880 1
2218 1
6886 0
1681 1
3169 1
10827 0
6858 1
7699 1
3984 0
6662 1
1385 1
9140 0
10962 1
5625 1
853 0
7472 1
6244 1
441 0
1999 1
5280 1
9193 0
6707 1
2808 1
4053 0
8146 1
1037 1
3306 1
11359 0
7149 1
5472 0
10232 1
293 1
2582 1
11023 0
3453 1
9700 0
2243 1
10992 1
6640 1
8652 0
2935 1
1622 0
10051 1
8456 1
7780 0
9321 1
4552 1
7825 0
1639 1
7800 1
9998 0
6204 1
6592 0
4859 1
5536 1
917 0
11243 1
6339 1
465 1
1182 0
1582 1
8564 1
4667 0
3319 1
4428 1
4383 0
3983 1
10837 1
10001 0
5955 1
899 1
162 0
1567 1
8841 1
10760 1
3864 0
4073 1
5534 0
854 1
9421 1
9707 0
1425 1
8533 1
194 0
9388 1
5220 1
7858 0
3055 1
9026 0
4826 1
3676 1
505 1
6249 0
1578 1
11002 1
7299 0
4149 1
850 1
10361 0
8165 1
7074 1
5605 1
6123 0
2157 1
8603 0
11557 1
10696 1
7647 0
6528 1
4962 1
7990 0
5656 1
3387 1
5593 0
10739 1
11343 1
231 0
6763 1
1722 1
2985 0
2328 1
11535 0
4870 1
586 1
2214 1
5907 0
7993 1
6466 1
8505 1
6648 0
4326 1
6067 0
10157 1
541 1
6376 0
4666 1
6615 1
5495 1
1904 0
3729 0
6114 1
7503 1
1240 1
10375 0
2635 1
10942 0
7312 1
5544 1
7956 1
1732 1
6860 0
9949 1
7708 1
2202 0
8160 0
8253 1
84 1
7777 1
7411 0
8615 1
10102 0
4296 1
366 1
11571 1
3631 0
10829 1
4529 1
9411 1
9639 0
5892 1
9766 0
8423 1
8114 1
8785 0
2689 1
4450 1
1024 0
9303 1
5870 1
4867 0
5708 1
9013 1
10676 0
3510 1
7379 1
6464 0
5985 1
6936 1
3141 0
8735 1
8987 1
1109 0
11462 1
8203 0
6698 1
7981 1
6081 1
4893 0
11738 1
9734 1
5749 0
10359 1
7673 1
2819 1
9861 0
9967 0
1897 1
4577 1
10525 0
5040 1
3701 1
510 0
5694 1
3456 1
4825 0
1116 1
212 1
6880 1
11395 1
3619 0
1978 1
3796 0
10587 1
6727 0
5857 1
2003 1
6059 0
7601 1
567 1
9101 1
7301 0
1711 1
8870 1
10612 0
6396 1
11493 1
6349 0
11104 1
4514 1
2037 0
1651 1
2273 1
2187 0
9352 1
2125 1
3781 0
284 1
1002 1
3937 1
4016 0
10470 1
4252 1
11305 0
3134 1
5105 1
1094 0
4156 0
11081 1
10819 1
4380 1
3633 1
1589 0
6410 0
3361 1
9060 1
3368 1
10600 0
4686 1
7924 1
9207 0
6461 1
8245 1
4382 0
8491 1
2022 1
256 1
10812 0
11337 1
7233 1
8932 0
9529 1
10203 1
10041 0
1979 1
727 1
189 0
4892 1
5777 0
4162 1
11626 0
9620 1
6050 1
7308 1
10646 0
11427 1
2000 1
7622 0
2399 1
7387 1
1282 0
10274 1
5665 0
7941 1
7906 1
3663 1
5614 0
2616 1
8483 1
10702 0
891 1
4127 1
8712 1
8988 0
7820 1
6187 0
5666 1
8111 1
11245 0
7342 1
7188 0
5013 1
5660 1
4660 0
7258 1
76 1
3145 1
3926 0
8833 1
10758 1
10425 0
8513 1
2291 1
147 0
1515 1
1828 1
2053 0
9722 1
4545 1
2710 0
6375 1
7161 1
6598 1
7075 0
8990 1
8183 1
9607 0
3019 1
1584 1
1259 0
6350 0
607 1
6156 1
1158 1
4954 0
11 1
9874 1
4620 0
6259 1
5933 1
10181 0
10856 1
9860 1
2276 0
9702 1
7591 0
5454 1
11424 1
8839 0
6070 1
1113 1
1178 1
7294 0
10026 1
5886 1
3513 0
3444 1
11401 1
1668 0
1970 1
1150 1
6036 0
10270 1
3272 1
7251 1
7609 0
2846 1
9142 1
8250 0
9228 1
11217 0
634 1
690 1
8916 0
8212 1
542 0
7470 1
3454 1
813 0
5166 1
6486 1
7205 1
642 0
5103 1
10872 0
376 1
8783 1
112 1
5453 0
4827 1
8876 1
7288 0
9687 1
7223 1
10788 0
603 1
10727 1
10938 1
8743 0
10689 1
4205 1
6140 0
4154 1
5311 0
5927 1
11119 1
2626 0
2618 1
2056 1
777 0
4052 1
1772 1
1707 0
299 1
2923 1
11127 0
1943 1
1507 0
123 1
988 1
10188 1
923 0
2245 1
7570 1
6661 0
2724 1
9215 0
3207 1
1963 1
4128 1
981 0
11047 1
9912 1
1957 0
10987 1
6512 1
1821 1
3477 0
10775 1
10918 1
2046 0
1431 1
9295 0
2805 1
329 1
7740 0
10185 1
11338 0
1972 1
5805 1
8888 0
5691 1
6271 1
6996 1
8445 0
3184 1
442 1
893 0
10511 1
1335 1
6906 0
3534 1
5343 1
3364 1
5207 0
7050 1
5248 0
11732 1
6043 1
8830 0
3719 1
6064 1
10022 0
6673 1
2895 1
4172 1
776 0
1267 1
7432 0
10039 1
1354 1
289 0
11692 1
117 1
8358 0
7239 1
4656 0
6643 1
3275 1
3297 1
730 0
9695 1
2166 1
10671 0
10246 1
9648 0
5522 1
146 1
6302 1
319 0
9296 1
8693 1
2423 0
3034 1
8757 1
6157 0
939 1
7817 1
5022 0
7980 1
9783 1
9531 0
6885 1
1399 1
7746 1
5781 0
588 1
8029 1
521 0
421 1
6519 0
3746 1
762 1
6355 0
606 1
633 1
5423 0
10991 1
5755 1
6993 0
6816 1
10740 0
2634 1
7031 1
2247 1
6610 0
5929 1
3260 1
2332 0
7469 1
2087 1
1693 1
9096 0
2050 0
948 1
6301 1
3251 1
10951 0
1063 1
3696 0
408 1
2082 1
9103 0
9621 1
5523 1
1349 1
3819 0
2417 1
7313 1
9239 1
452 0
3544 1
7713 1
5433 0
5021 1
1311 0
3853 1
9057 1
9709 0
9241 1
6863 1
1784 0
4125 1
7914 0
371 1
7928 1
5386 1
70 1
6983 0
3528 1
1785 1
5692 0
3362 1
697 0
7668 1
4398 0
10558 1
10478 1
1915 1
7617 0
6390 1
498 1
4479 0
519 1
1496 1
8181 0
5925 1
5323 1
3966 0
4123 1
6269 1
466 0
4305 1
7556 0
11537 1
1586 1
6155 1
6690 0
3874 1
10056 1
7877 1
3072 0
11517 1
4665 0
6105 1
9429 0
11223 1
3114 1
10217 1
10144 0
5802 1
467 1
2459 0
3677 1
5867 1
1811 0
2608 1
5618 1
1539 0
8832 1
2357 1
1126 0
3183 1
8302 1
7146 0
3861 1
4051 1
2877 1
10235 0
10832 1
4683 1
2151 0
5714 0
10949 1
780 1
7769 0
4922 1
5556 1
11649 0
8782 1
11643 1
5839 1
6358 0
590 1
5455 1
1676 1
9554 0
6306 1
3956 0
1537 1
7702 1
1285 0
1320 1
982 0
3697 1
317 1
8062 1
566 0
8694 1
7930 1
9199 0
7904 1
5398 0
10579 1
9196 1
6803 0
7650 1
2775 1
9587 0
2114 1
6058 1
1638 0
10514 1
3504 1
3146 1
5484 0
3886 1
6688 1
688 0
6142 1
2933 1
3730 0
7298 1
11226 0
7192 1
7957 1
5891 1
5234 0
5612 1
2241 1
4580 1
5184 0
2025 1
5772 0
7173 1
7830 1
3231 0
6752 1
11684 1
11136 0
1466 1
4802 1
411 0
10389 1
10816 0
3809 1
10133 1
8200 1
8361 0
4726 1
8784 1
8345 0
5382 1
9305 1
860 0
2331 1
9748 1
9762 1
2544 0
4549 1
3280 1
4604 0
5500 1
1818 0
7675 1
9427 1
1458 0
568 1
7473 0
7869 1
9473 1
8093 1
2303 1
2248 0
7783 1
2758 1
8474 0
9701 1
5568 0
2706 1
410 0
1202 1
6453 1
1364 1
9725 0
7111 1
4124 1
6073 0
4540 1
9319 0
8720 1
2795 1
2971 1
1516 0
9675 1
6576 1
8639 0
1444 1
2111 1
10737 0
4375 1
2189 1
10610 0
9816 1
2134 1
11380 1
7229 0
1005 0
9495 1
6806 1
7847 1
10611 0
8793 1
3858 1
10736 0
746 1
10271 1
9938 1
6258 0
3751 1
2083 1
2093 0
6508 1
2436 1
6546 0
720 1
1756 0
8872 1
3370 1
6754 0
374 1
1844 0
8180 1
5006 1
2507 0
11447 1
1195 1
9053 1
1105 0
11249 1
6960 1
10813 0
2871 1
8214 1
2532 0
7669 1
5826 1
10477 0
3764 1
9715 0
6222 1
3626 1
9043 1
9646 0
8473 1
3111 1
7527 0
10592 1
4610 0
286 1
163 1
1471 0
392 1
3434 1
1341 0
6614 1
3832 1
8734 1
5980 0
2488 1
283 1
4531 1
1565 0
1781 1
3880 0
5452 1
3615 1
5508 1
1910 0
10927 1
10968 0
4164 1
6755 0
9200 1
6948 1
1215 0
4209 1
8090 1
9428 1
5322 0
10336 1
11137 0
8134 1
3051 1
881 1
9059 1
8500 0
8865 1
9803 1
9511 0
9138 1
1071 0
4817 1
11254 1
2755 0
2493 1
1816 0
448 1
6231 1
7711 1
2668 0
9374 1
8572 1
1157 0
821 1
7300 1
1988 1
8531 0
9072 1
1771 0
5380 1
2542 1
4770 0
8220 1
3641 1
6513 0
3844 1
264 1
3564 0
2063 1
3794 1
5754 0
4013 1
7373 1
3191 0
5307 1
11056 0
9877 1
1596 1
7659 1
11595 0
277 1
2486 1
4878 0
11675 1
783 1
9526 0
6913 1
10757 1
10925 0
155 1
10021 1
844 1
820 0
1079 1
4898 1
7425 0
5535 1
1130 0
7419 1
5294 1
414 0
7219 1
3452 0
8548 1
6075 1
2509 1
4948 0
2809 1
7110 1
8760 1
3458 0
11304 0
10142 1
10372 1
1794 1
5096 0
1733 1
2916 1
2585 1
9910 0
7467 1
506 1
8612 0
10899 1
11317 0
11085 1
28 1
1697 0
3509 1
2370 1
8056 0
926 1
6141 1
8133 1
10545 0
5052 1
2017 1
3349 0
8307 1
6859 1
3570 0
8781 1
9227 0
1449 1
10432 1
3108 1
10168 0
4981 1
6099 0
5333 1
3708 0
1913 1
10569 1
34 1
11347 0
4082 1
8194 1
8013 0
10293 1
2071 1
6608 0
11624 1
8417 1
2164 1
2444 0
3776 1
3112 0
4725 1
2021 1
9660 0
8769 1
11328 1
8092 0
2767 1
7257 0
1927 1
9939 1
3195 1
4215 1
942 0
10821 1
10996 0
4678 1
1407 0
9294 1
6787 1
8936 1
5005 0
222 1
4950 1
6764 0
4292 1
8856 1
4692 1
9728 0
10823 1
4026 0
7598 1
6354 1
767 0
6329 1
11689 0
4101 1
6697 1
8577 1
8402 0
5837 1
9601 1
927 0
316 1
11067 0
2628 1
6646 1
3180 1
9110 0
9786 1
2783 1
3837 1
9263 0
1903 1
3295 1
5145 0
11037 1
5793 0
4732 1
9372 1
4576 0
6195 1
3281 0
11049 1
5995 1
3274 1
7199 0
836 1
4856 1
9058 0
451 1
3285 0
5804 1
7046 1
7211 1
2938 0
9836 1
4912 1
7645 0
221 1
2524 1
1203 1
5543 0
1409 1
5827 1
10743 0
22 0
5784 1
3650 1
7891 1
6861 0
6267 1
9104 1
3117 0
4081 1
4372 1
5025 0
8123 1
4325 1
1822 0
9282 1
910 1
6224 1
3011 0
9494 1
10258 0
9472 1
8118 1
1299 0
6679 1
8343 1
4263 0
3855 1
1139 0
4394 1
10993 1
10957 0
8271 1
10873 1
3419 1
10498 0
6514 1
9079 1
5095 0
1570 1
1971 1
65 0
6704 1
8746 0
7135 1
8747 1
2445 1
11162 0
6148 1
6588 1
10746 0
5336 1
6682 1
556 0
6025 1
8096 0
1933 1
3057 1
10778 0
6894 1
5727 1
1197 1
4072 0
9907 1
418 1
8451 0
8643 1
4789 1
5519 0
8314 1
7636 1
3903 1
8882 0
3225 1
2535 0
10720 1
3109 1
1110 1
4544 0
11164 0
1625 1
9008 1
5911 1
1646 0
6447 1
11077 0
6808 1
8256 1
4664 1
61 0
11398 1
11437 1
6555 0
5363 1
6019 1
2392 0
8328 1
2075 1
1021 1
5673 0
3721 0
638 1
11307 1
3314 1
8305 0
16 1
8951 1
10887 0
2884 1
6730 1
482 0
4303 1
1522 1
9583 0
9775 1
6238 1
8803 0
504 1
2931 1
6311 0
3963 1
8751 1
7854 0
4161 1
3774 1
202 0
10742 1
11621 1
1350 0
7020 1
8673 1
819 1
3317 0
11133 0
6928 1
5465 1
3587 1
4801 0
1191 1
4917 1
7936 0
5939 1
8244 1
4724 0
8215 1
9772 0
3062 1
3286 1
7560 0
3566 1
10300 1
1645 1
7876 0
2212 1
7608 1
5715 0
1866 1
4864 1
4434 1
10814 0
725 1
4478 0
395 1
5961 1
1590 1
4772 0
9482 1
5866 0
10191 1
761 1
9954 0
8154 1
175 1
5366 1
359 0
1216 1
4069 0
1523 1
822 0
3651 1
7672 1
9586 1
5244 0
10910 1
7439 1
3862 0
1564 1
9619 1
4216 1
7491 0
11556 1
1642 0
6959 1
7087 0
4846 1
696 1
10553 1
2411 0
1621 1
3035 0
1186 1
8055 1
1894 1
8125 0
2047 1
7042 1
2613 0
2792 1
388 0
10860 1
4376 1
11294 1
11041 0
10995 1
2869 1
8742 0
2281 1
4722 1
9905 1
8756 0
9551 1
4234 1
8459 0
9681 0
385 1
4447 1
8008 0
1867 1
1398 1
4104 1
10809 0
490 1
5989 1
6629 0
9534 1
2403 1
6280 1
8676 0
5938 1
7558 0
8692 1
3756 0
5598 1
8547 1
10256 1
479 0
4339 1
9289 1
8404 1
1475 0
6111 1
3817 0
6202 1
8129 0
1641 1
983 1
5895 1
8917 1
7857 0
7236 1
1070 0
4776 1
6515 1
3594 0
9991 1
406 1
2967 0
10868 1
2986 1
9487 0
3981 1
5753 1
7579 1
4371 0
10905 1
4333 1
8799 0
5551 1
987 0
3927 1
2271 1
1597 1
2926 0
2069 0
1813 1
6644 1
3417 1
2334 0
11341 1
3311 1
5545 0
8647 1
8482 0
903 1
8788 1
3629 1
11730 1
3265 0
3445 1
3197 1
1293 0
6883 1
4753 0
7849 1
3573 1
9670 1
4395 0
2352 1
10680 0
3399 1
870 1
8523 0
2446 1
5276 1
2898 0
11607 1
4056 1
9316 0
5836 1
1628 1
4245 1
3259 0
10875 1
483 0
1588 1
10619 1
7829 0
2226 1
7092 1
2995 0
2182 1
7213 1
7474 1
4119 0
3363 0
2873 1
9158 1
1402 1
1036 0
6374 1
1359 1
4025 0
4284 1
9908 1
3186 0
3840 1
1023 1
9477 0
6765 1
7206 1
9005 0
10363 1
4345 1
8269 0
8356 1
9478 0
9688 1
10926 1
6400 0
5278 1
7253 1
1893 0
3805 1
3176 1
8941 1
8571 0
7014 1
4818 1
6237 0
6846 1
4111 0
1656 1
9906 1
1528 1
7720 0
10499 1
1052 0
9038 1
8222 1
8388 1
10116 0
1160 1
8703 0
1810 1
2330 1
86 1
1472 0
8773 1
7618 1
11340 0
1990 1
35 1
4719 1
9859 0
747 1
3563 0
11336 1
8631 1
8826 1
2253 0
4720 0
4605 1
6762 1
4221 1
2707 0
287 1
7346 1
208 1
1975 0
764 0
2489 1
4368 1
7695 1
8021 0
5636 1
8089 1
2723 0
310 1
1694 1
3478 0
8063 1
7381 1
5615 0
11426 1
5813 1
4865 0
5055 1
132 0
1549 1
4458 1
6401 1
3950 0
5518 1
6901 1
1674 0
7678 1
10174 1
8989 0
7183 1
11076 1
8295 0
1214 1
1647 1
6930 1
6695 0
2575 1
2614 0
540 1
5969 0
464 1
9102 1
10497 1
3664 0
10206 1
1551 1
9948 1
8810 0
1149 0
7606 1
10332 1
361 1
2074 0
5953 1
4930 1
8976 0
10023 1
9317 1
8061 0
5861 1
8655 1
6776 1
10054 0
8026 1
10223 0
3090 1
4980 1
6750 0
10260 1
7868 0
9517 1
2278 1
7969 1
7228 0
3964 1
5417 1
11222 1
1114 0
4024 1
729 1
11045 0
8344 0
6577 1
2945 1
3451 0
9433 1
6247 1
8028 1
11729 0
9584 1
59 1
10247 1
1315 0
9441 1
9821 1
7919 0
4453 1
8493 0
8103 1
9025 1
3804 0
10614 1
4193 0
3813 1
7516 1
2310 1
4204 0
7971 1
1503 1
5570 0
4472 1
11645 0
7164 1
10675 1
5996 0
7775 1
6507 1
6761 1
11441 0
3750 1
5979 1
11430 1
2671 0
356 1
9500 1
9097 0
5214 1
7918 0
10245 1
2452 1
2816 0
10113 1
6305 0
4064 1
433 1
328 0
3930 1
9530 1
164 0
9671 1
6770 1
5141 1
4126 0
1433 1
10826 1
6411 0
5479 1
11069 1
2997 0
9820 1
6482 1
9516 0
303 1
6877 1
7801 1
2044 0
2752 1
10050 0
8624 1
5502 0
550 1
7563 1
10496 1
6535 0
11289 1
8121 1
2786 0
8529 1
7559 1
11541 0
2961 1
3806 1
10204 0
4231 1
2885 1
786 0
7361 1
10723 1
5327 0
11551 1
6935 1
604 0
4638 1
7992 1
5990 1
10705 0
9767 1
5569 1
1817 0
325 1
1303 1
8542 0
5188 1
6217 1
6443 0
2280 1
5801 1
10402 0
5427 1
4874 0
5149 1
3171 1
5144 0
239 1
7565 1
11608 0
1581 1
4635 1
6700 1
1300 0
170 1
7925 0
9833 1
10898 1
148 0
2540 1
10897 0
906 1
671 1
2282 0
11740 1
765 1
10782 1
5901 0
10218 1
142 1
9248 0
9857 1
7632 1
6842 0
6768 1
6685 1
5859 0
4618 1
7104 1
4397 0
3320 1
4351 0
458 1
4110 1
7291 1
2674 0
10407 1
943 1
2757 0
909 1
7468 0
373 1
851 1
3206 1
1200 0
8018 1
7165 1
6501 0
11199 1
1571 1
4680 0
8082 1
5342 1
2362 1
3810 0
1090 0
2186 1
2864 1
10802 1
11170 1
4323 0
699 1
6694 0
10725 1
11063 0
6504 1
4264 1
7295 1
4466 0
1031 1
10036 1
6245 0
3990 1
7578 1
7690 0
5664 1
6594 1
9407 1
4769 0
5222 0
5748 1
5065 1
1192 1
5155 0
8488 1
7078 1
8058 0
2006 1
4804 1
8275 0
7085 1
10724 0
598 1
1995 1
4207 1
10368 0
4916 1
9611 1
11059 0
8365 1
10568 1
4344 1
5195 0
11061 1
6012 1
5071 0
7026 1
7072 0
11688 1
196 1
390 0
9676 1
5384 0
1048 1
1862 1
4510 1
4399 0
8490 1
932 1
10997 0
7767 1
7943 1
3342 0
8156 1
3497 1
9117 1
9790 0
3310 1
7561 0
11238 1
2068 1
7927 0
1291 1
11429 0
11606 1
5941 1
10693 0
135 1
6353 1
1369 1
1319 0
10081 1
2922 1
530 1
8910 0
362 1
728 0
5600 1
1520 0
2078 1
1713 1
224 1
10536 0
1440 1
2185 1
1935 0
9527 1
223 1
7424 0
7583 1
5997 1
6530 0
2513 1
9398 1
9693 0
788 1
1898 1
7360 1
4473 0
10916 1
1239 0
5935 1
2099 1
10864 1
10815 0
2526 0
1699 1
5574 1
11148 1
2514 0
379 1
4480 1
11346 0
6485 1
8971 1
6413 1
10654 0
9843 1
9913 1
10682 0
9690 0
914 1
3170 1
3256 1
9306 0
3869 1
3928 1
360 0
8763 1
8729 1
5887 0
7056 1
3376 0
8000 1
8646 1
5233 0
8662 1
2348 1
11665 1
49 0
3987 1
5817 1
7845 0
4693 1
11397 1
5678 1
272 0
2820 1
6069 0
8549 1
7590 1
33 0
11135 1
7132 1
2346 0
2418 1
3904 1
5509 0
4334 1
326 1
10866 1
176 0
5834 1
6769 0
8016 1
6812 1
9387 0
9961 1
5187 1
2203 0
8148 1
3089 1
2751 0
8416 1
3287 1
8387 0
2484 1
3450 1
2491 0
4736 1
8107 1
5416 0
8829 1
6035 1
9851 1
10161 0
3162 1
591 0
2868 1
8543 1
2662 0
6681 1
2810 1
8905 0
8894 1
6510 0
11707 1
1252 1
2107 1
9950 0
6778 1
9148 1
7848 1
3094 0
10391 1
5002 1
8514 0
211 0
757 1
9129 1
10349 1
9824 0
254 1
704 1
2089 0
9760 1
7926 1
9085 0
8687 1
2270 1
11583 0
10908 1
4979 1
10292 0
2153 1
42 1
5235 0
1705 1
5112 1
5395 0
11519 1
337 1
4634 0
7913 1
5525 0
7836 1
2515 1
1649 1
1494 0
4451 1
9617 1
4100 0
6320 1
5131 1
1741 0
3675 1
2670 1
2657 1
8192 0
6876 0
41 1
1128 1
6532 0
964 1
1755 1
6488 1
1673 0
11545 1
1735 1
9425 0
9007 1
4349 1
7418 0
6465 1
5844 1
6666 0
10166 1
3222 1
9814 0
8054 1
11080 1
5510 0
7214 1
9981 0
9903 1
5017 1
7091 0
2204 1
6100 1
3050 1
330 0
972 1
7200 1
2999 0
6717 1
6998 1
9983 0
4532 1
9599 1
8075 0
497 1
6823 1
3269 0
4152 1
1219 1
7460 0
3649 1
9111 1
6834 1
3049 0
6663 1
6871 0
1283 1
2998 0
9984 1
1294 1
4237 1
4373 1
2900 0
4335 1
1295 0
7182 1
7749 0
4022 1
6120 1
8362 1
52 0
3835 1
6904 1
9640 0
4255 1
10882 1
8293 0
8017 1
11156 1
5797 0
10765 1
5709 0
9960 1
1878 1
11131 0
6728 1
7731 1
8390 1
11075 0
8207 1
9340 1
3600 0
4058 1
3006 1
5383 0
2508 1
3025 1
3859 0
10278 1
3841 1
7839 1
9238 0
4210 1
3726 0
6500 1
1264 1
869 0
11101 1
10582 0
9098 1
8126 1
10464 0
3593 1
4486 1
11637 0
1383 1
9445 1
2178 1
5840 0
141 1
7521 1
8908 0
4175 1
8224 0
2161 1
5147 1
8433 1
6582 0
11062 1
7555 1
2283 0
1124 1
4133 0
3742 1
10084 1
2172 0
3934 1
3552 1
7001 1
9933 0
10070 1
10596 1
8197 1
11082 0
235 1
11540 1
4816 0
8570 1
5746 1
856 0
6068 0
6667 1
11158 1
5340 0
5237 1
8755 1
11394 1
4832 0
8881 1
6802 1
1661 0
2849 1
10192 1
5864 0
6406 1
5639 1
6506 0
5917 1
9692 1
1437 0
5505 1
1353 1
9606 0
2698 1
5106 1
3489 1
4505 0
5060 1
2192 0
569 1
6870 1
7745 0
2930 1
10452 1
10172 0
9834 1
8360 1
6516 1
11168 0
4561 1
3354 0
10527 1
2395 0
5289 1
8395 1
6595 1
974 0
8216 1
6881 1
332 0
3340 1
5994 1
8282 0
4254 1
10948 1
3000 1
5444 0
5806 1
6324 0
7073 1
3177 1
417 1
125 0
1519 1
7887 1
4558 0
6196 0
9201 1
5267 1
9726 0
9125 1
8792 1
9864 1
4628 0
4977 1
7329 1
8569 1
6520 0
232 1
6445 1
1022 0
4031 1
10078 0
1572 1
1696 1
1776 0
10637 1
2394 1
6334 0
3689 1
8568 0
10337 1
10567 1
11691 0
1222 1
8978 1
5183 1
5209 0
10404 1
3771 1
6773 0
8035 1
4699 1
1248 0
11166 1
3266 1
3095 1
6388 0
267 1
1517 0
10915 1
4651 1
11428 1
11157 0
75 0
8749 1
986 1
1919 0
6693 1
9848 1
9846 0
10639 1
7967 1
5782 0
2973 1
4256 1
1577 1
5747 0
8064 1
5125 1
10119 0
1271 1
380 1
1623 0
10311 1
1928 0
9065 1
5226 1
10907 0
8842 1
9332 1
8418 1
5132 1
1688 0
5674 0
9382 1
2987 1
9988 1
8540 0
7081 1
9320 1
11214 0
9283 1
6248 1
5726 1
2785 0
2910 1
9518 1
9168 0
4115 1
6809 1
2292 0
1863 0
2169 1
693 1
8372 0
9116 1
2173 1
2333 1
3682 0
11360 1
7402 1
9119 0
3433 1
10420 1
3506 1
8009 0
11001 1
2981 0
8448 1
8002 1
617 1
7687 0
7420 1
11348 0
11255 1
10965 0
10219 1
10523 1
8185 1
8277 0
3754 1
7942 0
515 1
9678 1
6272 0
7722 1
6621 1
8771 0
1492 1
7968 1
8460 1
1133 0
10397 1
7177 0
7043 1
5814 1
1914 1
1664 0
6057 1
1414 1
2194 0
1855 1
10257 1
1338 0
10333 1
3748 1
6867 0
11418 1
10590 0
7681 1
3414 1
3226 1
9691 1
8995 0
7246 1
6003 1
10139 0
11445 1
4543 0
4669 1
4890 1
225 0
3330 1
156 1
7027 1
1001 0
8920 1
1669 0
9845 1
10381 1
10681 0
2750 1
10734 1
5846 0
10374 1
7477 1
3695 0
10904 1
11494 1
3498 0
10903 1
3842 1
8485 1
10863 0
801 1
8382 0
1902 1
2709 1
7999 0
7125 1
11642 1
7909 0
572 1
1788 1
4484 0
852 1
6526 1
484 0
3550 1
10631 1
3969 0
11250 1
9591 1
8217 1
6811 0
1895 0
5700 1
10305 1
8754 1
787 0
6361 1
1726 1
10280 0
5229 1
9107 1
866 1
375 0
3316 0
9011 1
10037 1
7776 1
11443 0
6315 1
4474 1
1298 0
6426 1
8964 1
11513 0
8619 1
11575 1
3541 0
233 1
9579 1
11698 0
7837 1
945 0
6898 1
10735 1
7912 0
6780 1
3567 1
456 1
6719 0
583 1
9535 1
8508 1
6626 0
6634 1
6143 0
6593 1
1251 1
4779 0
4688 1
9572 1
1793 0
9409 1
7215 1
11511 1
1753 0
8303 1
4786 0
1992 1
11281 1
9442 0
10911 1
4485 1
10138 0
11682 1
9743 1
1025 0
491 1
4063 1
10956 0
10534 1
11736 1
3529 0
4429 1
5680 1
1953 0
1736 1
7872 1
10221 0
3097 1
4443 1
4041 1
29 0
2252 1
1415 1
8580 0
1089 1
11339 0
8001 1
5011 1
9959 0
7920 1
393 1
7437 0
1662 1
3691 1
11293 1
912 0
11257 1
7267 1
1751 0
3896 1
7406 1
10641 0
8150 0
2693 1
9217 1
5107 1
3848 0
2754 1
2257 1
8447 0
2806 1
7017 1
4281 0
8761 1
1812 1
489 0
2837 1
8967 1
3935 0
2033 1
10677 0
3001 1
2692 1
1302 1
5341 1
7201 0
5198 1
6442 0
3818 1
5450 1
3924 1
9133 0
2398 1
8666 1
11191 0
7671 1
659 0
4190 1
4527 1
8410 0
3355 1
9455 1
9063 0
8575 1
4728 1
1853 0
4775 1
5657 1
8031 0
1376 1
6620 1
1357 0
4858 1
9422 1
9992 1
7976 0
10650 0
15 1
1837 1
1136 1
3749 0
2045 1
6636 0
2838 1
11570 1
2840 1
8057 0
3812 1
4597 0
9871 1
8444 1
3540 1
8399 0
11090 1
7851 1
7466 0
11048 1
8630 0
9778 1
11527 1
10209 1
3906 0
10296 1
4086 1
48 0
8311 1
9414 1
5092 0
1135 1
9024 1
545 0
5511 1
2834 1
8562 0
10825 1
1418 1
7028 1
5546 0
10251 1
11636 0
8933 1
9338 1
8644 0
7621 1
10914 1
5829 0
7131 1
8539 1
7607 0
7003 1
4174 0
11381 1
10355 1
7821 1
8898 1
318 0
1792 1
10187 0
11408 1
8524 0
5499 1
312 1
6817 1
837 0
285 1
2696 1
10079 1
2072 0
7706 1
7648 0
11107 1
9054 0
2722 1
4343 1
2061 1
311 1
7367 0
3989 1
1695 1
1605 0
8997 1
5607 1
7697 0
4418 0
3715 1
11409 1
10552 1
1447 0
11639 1
1973 0
5613 1
5268 1
7319 1
1506 0
8251 1
9982 1
1865 0
7963 1
5378 1
6363 0
5811 1
4197 1
4700 0
9264 1
6556 0
8078 1
3807 1
5069 1
403 0
4803 1
5526 1
3005 0
9745 1
7265 0
240 1
6171 1
10958 0
7853 1
271 1
4019 1
1770 0
5635 1
755 1
10771 0
1672 1
2181 1
4881 1
2329 0
2237 1
10248 0
907 1
7436 1
1455 0
5745 1
11450 0
5954 1
1432 1
3284 0
6878 1
1916 1
8403 0
5865 1
825 1
5308 1
1121 1
544 0
4751 0
3196 1
5000 1
11735 1
10560 0
4813 1
6691 1
11165 0
1580 1
8461 1
3820 1
2085 0
9082 1
11396 0
4873 1
8994 0
6428 1
8945 1
4329 1
1253 0
4452 1
8822 1
10463 0
4265 1
5713 1
2688 0
2718 1
9781 1
6760 0
1076 1
4814 0
3588 1
6505 1
5762 1
8068 1
10008 0
4280 1
5291 1
3508 0
4419 1
835 1
5542 0
11084 0
8554 1
4730 1
3678 1
5716 1
4931 0
9735 1
2250 1
8105 0
6017 1
4681 0
4650 1
5108 1
1775 0
6581 1
6458 1
5586 1
5659 0
5503 1
10132 0
4370 1
3007 1
6172 0
9349 1
9028 1
11432 0
7122 1
5223 1
7811 0
10269 1
5728 1
985 0
7126 1
8576 1
11522 0
6422 1
4934 1
4578 1
4353 0
9732 1
639 0
6954 1
3371 1
7707 0
7939 1
4845 1
1758 0
8695 1
8112 1
5905 0
2534 1
9471 1
3198 1
2304 0
10339 1
8840 1
3386 0
587 1
3151 0
1396 1
5425 1
492 0
2980 1
8161 1
7761 0
1700 1
3461 1
8306 0
4799 1
5750 1
10077 0
596 1
2406 0
4357 1
4459 1
1085 1
9636 0
5054 1
4463 0
4904 1
11440 1
5151 0
6716 1
11334 1
6402 0
9323 1
8124 1
276 1
5486 0
10843 1
2380 1
74 0
9945 1
30 1
4616 0
9336 1
7581 1
6630 0
9521 1
6368 1
9410 0
11015 1
3150 0
10055 1
4575 1
3270 0
9576 1
3741 1
3015 0
10644 1
9785 1
2782 1
6596 1
6814 0
5156 1
5133 0
8986 1
2371 1
5093 0
670 1
1830 1
8383 1
4631 0
7717 1
3457 1
8290 0
6044 1
2154 0
969 1
1232 1
8003 0
8128 1
5090 0
10521 1
6841 1
4882 0
11666 1
9369 1
1198 1
895 0
7347 1
4711 1
3838 0
6496 1
2936 1
305 1
8030 0
1660 1
9867 0
10919 1
7566 0
8909 1
5326 1
7118 1
1896 0
5129 1
99 1
7167 0
10286 1
6599 1
10436 0
6975 1
10338 1
1839 0
2516 1
2481 1
149 0
5845 1
9965 1
11488 0
11530 1
9817 1
2138 1
1324 0
11423 1
8838 0
1340 1
130 1
1234 0
2485 1
4023 1
5842 0
2113 1
11091 1
10313 0
6714 1
4028 1
19 0
3522 1
3413 1
5855 0
5988 1
7629 1
1721 1
10123 0
5763 1
241 0
1838 1
1305 1
4475 1
4300 0
2912 1
4712 0
5421 1
3294 0
5904 1
9144 1
4442 1
1292 1
1955 0
10342 1
4311 1
7597 0
11352 1
11635 0
5449 1
8195 0
6440 1
3759 1
459 1
5884 0
381 1
11259 1
5161 1
8047 0
9995 1
1058 0
6263 1
9430 1
3747 1
7115 0
5843 1
10543 0
9946 1
7790 0
3326 1
11446 1
3815 1
9145 1
9064 0
589 1
4819 1
4970 0
2454 0
9768 1
6905 1
3674 0
7409 1
3058 1
8407 1
7458 0
9662 1
5524 0
1074 1
7057 1
3897 1
2584 0
1290 1
8286 1
549 0
6866 1
4911 1
622 0
8748 1
4506 1
11449 0
10074 1
1289 1
2748 0
6575 1
1529 1
8270 0
6236 1
9 1
1739 0
7051 1
108 1
3980 0
1387 1
472 1
11578 1
8980 0
3630 1
4153 0
7910 1
3753 1
9468 0
3009 1
6061 1
7431 1
3727 0
6937 1
215 0
1800 1
8130 1
7090 1
5703 0
9782 0
9424 1
8243 1
4542 1
2361 0
10439 1
6994 1
6939 0
789 1
4507 1
7444 1
8223 0
8480 0
11366 1
5447 1
11038 1
5978 0
139 1
2835 1
4679 1
6541 0
3335 0
4157 1
6590 1
5152 1
2549 0
573 1
8935 0
8015 1
2216 1
10532 1
10643 0
3996 1
10986 1
5186 0
8312 1
3891 1
7270 0
640 1
3518 1
1400 0
1401 1
2381 1
6286 1
1653 0
10960 1
11361 0
323 1
1328 1
11542 0
9683 1
7679 1
6288 1
9378 0
8059 1
695 1
5451 0
1502 1
10315 0
1177 1
2110 1
1807 0
4034 1
5778 1
8530 1
7422 0
6399 0
8375 1
10620 1
5064 1
2833 0
6328 1
1675 0
8664 1
1053 1
9209 1
7768 0
3985 1
1017 1
1380 0
11417 1
2116 1
6451 0
399 1
9496 1
7058 0
2917 1
7567 1
2369 0
10510 1
2058 1
2609 1
4420 0
85 0
11490 1
7302 1
4467 0
897 1
1061 1
3027 0
6024 1
3860 1
9598 1
9322 0
5330 1
11726 1
473 0
3449 1
5592 1
9663 1
11225 0
3412 0
2290 1
8536 1
5775 1
2038 0
11344 1
7750 1
1745 0
6852 1
10574 0
11690 1
10841 1
9147 1
11349 0
4811 1
1337 1
6379 0
3846 1
3801 1
9577 0
7129 1
10509 1
7520 0
2335 1
213 1
5169 0
6403 1
4975 1
2034 0
11159 1
1261 1
4020 0
6055 1
7348 1
9558 0
4241 1
5637 0
4723 1
7178 1
10291 1
6266 0
1583 1
468 1
3409 0
9251 1
2195 1
7083 0
3360 1
3424 0
4771 1
7018 1
9926 1
5986 0
3995 1
2639 1
363 0
7896 1
4926 1
8492 0
2702 1
4470 0
1762 1
2402 1
5481 1
3104 0
9127 1
8442 1
4894 0
4988 1
6850 0
1860 1
3366 1
1406 1
9704 0
7824 1
1969 0
7511 1
2223 1
4299 1
1347 0
5255 1
5889 1
1504 0
9223 1
2794 1
1911 1
8446 0
8938 1
9655 0
6028 1
6395 1
6872 0
1439 1
5942 1
8279 1
1287 0
9017 1
143 0
9143 1
6945 1
4460 1
2918 0
10501 1
3884 0
7179 1
8310 1
227 0
7476 1
6987 1
7696 0
2227 1
11660 1
7641 0
8509 1
3142 0
7978 1
4374 1
9413 0
4707 1
11664 1
2729 1
6958 0
10524 1
10314 0
10344 1
5036 1
420 1
9486 0
2482 1
543 1
3627 1
3579 0
10180 1
2470 0
9470 1
6819 1
4901 0
10980 1
796 1
8196 0
4108 1
4824 1
10633 0
7580 1
5944 1
8702 0
5370 1
11487 1
2521 1
11251 0
5097 1
10594 0
3585 1
5232 1
6297 0
5196 1
5776 1
1123 0
8737 1
3816 1
369 1
5456 0
3246 1
11173 0
327 1
6985 0
2354 1
834 1
11004 0
11093 1
3331 1
11433 1
11709 0
7582 1
6578 1
1395 0
9368 1
5810 1
9370 0
8283 1
7732 1
11272 1
857 0
11146 1
3724 0
5686 1
10252 1
4891 0
9396 1
5968 1
11182 0
6753 1
1931 1
118 0
8267 1
9019 0
3163 1
2829 1
7798 1
9754 0
2343 1
3446 1
5632 1
1498 0
4740 1
5266 1
5609 0
5217 0
4085 1
9049 1
1558 0
9590 1
5648 1
7948 1
4539 0
6330 1
6962 1
9944 0
8753 1
5344 1
4863 1
582 0
2316 1
3773 0
8918 1
3056 0
4416 1
8558 1
6847 0
2746 1
8821 1
5446 0
51 1
9247 1
11152 1
7902 0
10770 1
2122 1
8420 0
3411 1
5564 1
1593 0
908 1
4267 1
6758 0
1339 1
3974 1
1606 0
2901 1
322 1
7932 0
3113 1
593 1
2699 0
1213 1
6335 1
2899 1
9162 0
2471 1
4291 0
7328 1
10411 1
228 0
980 1
11579 1
3908 1
7670 0
7947 1
377 1
6502 0
10581 0
3420 1
5863 1
6009 0
2548 1
3640 1
7802 1
2492 0
4401 1
1754 0
4537 1
1831 1
5182 1
5285 0
3008 1
2571 0
6227 1
2610 1
5357 1
7808 0
6665 1
1211 1
1905 0
47 1
6641 1
1686 0
3439 1
7331 1
4755 0
7230 1
5160 1
4054 0
2622 1
938 1
6864 0
9798 1
10426 1
1306 0
7374 1
195 0
6843 1
8979 1
2092 1
3315 0
9513 1
1861 1
11055 0
6957 1
7117 1
5681 0
6965 1
9406 1
8659 0
6304 1
4362 1
6545 0
2559 1
6083 1
9672 0
2954 1
11612 1
570 0
10601 1
9571 0
8981 1
4246 1
8862 1
11701 1
1323 0
7197 1
4211 0
1344 1
8663 0
1657 1
3069 1
3580 1
306 1
7897 0
1738 1
8958 1
1767 0
4812 0
7988 1
6197 1
8458 1
5799 0
6432 1
11629 1
133 0
6296 1
4247 1
5878 0
8906 1
7285 1
6333 0
7321 1
1162 1
9437 1
2254 0
6746 0
756 1
6149 1
4861 1
6517 0
6498 1
3154 1
11139 0
3012 1
1490 1
2968 1
9186 0
445 0
6938 1
1059 1
842 1
10224 0
4502 1
8380 1
10551 0
449 1
10690 1
3181 0
5773 1
9297 1
8731 0
11377 1
9858 1
5010 0
8228 1
185 1
10259 1
8660 0
10460 1
10114 0
7344 1
2382 1
5507 0
4872 1
10360 1
485 0
9510 1
2511 1
2581 0
719 1
2027 1
5181 0
6051 1
9523 1
3768 0
911 1
9574 1
9232 0
11646 1
3533 1
5409 0
7501 1
5646 1
3367 0
1307 1
9293 1
10603 1
338 0
5358 1
9073 0
10134 1
265 1
2469 0
1723 1
10272 1
8218 0
4158 1
8199 1
552 0
10145 1
11365 1
8419 0
3501 1
6450 1
10947 0
8213 1
4287 1
9654 0
9665 1
8843 1
8398 0
7378 1
2039 1
10656 1
8629 0
8658 1
5274 0
1468 1
3553 1
5492 1
2249 0
7852 1
10429 0
6356 1
9308 1
3182 0
6116 1
3757 1
9010 0
4146 1
8149 1
11548 1
4709 0
10513 0
4381 1
11596 1
11362 1
6310 0
11452 1
3068 1
1043 0
8472 1
8719 1
9493 0
5899 1
8496 1
9130 0
8333 1
166 1
6813 0
5019 1
2921 0
8198 1
1361 1
3002 1
10158 0
10649 1
7960 0
7231 1
10045 1
1342 1
6414 0
2510 1
3026 1
9532 0
7725 1
5170 1
8073 0
10322 1
4727 1
689 0
4978 1
4810 1
581 0
1142 1
7744 0
9498 1
3690 1
10959 1
1942 0
1429 1
1434 1
3348 0
1377 1
7464 1
3602 0
3358 1
2725 1
7368 0
5167 1
2661 1
5130 0
8204 1
2457 1
5737 0
9837 1
5436 1
10331 0
368 1
1742 1
11507 0
11421 1
11345 1
8394 0
4346 1
2844 1
114 1
661 0
1659 1
116 1
5287 0
8247 1
8701 1
3797 0
5078 1
7977 0
3738 1
7714 0
8036 1
5928 1
9420 1
5191 0
8688 1
7712 1
7512 0
9153 1
1585 1
5529 0
8172 1
6848 1
4946 0
7138 1
11172 1
9403 0
10842 1
1238 1
9002 0
7052 1
10952 1
11174 0
11434 1
3403 1
11068 0
4648 1
3912 1
3140 0
9484 1
3503 0
333 1
10159 1
1375 1
298 0
2888 1
2128 1
1747 0
9353 1
9377 1
8278 0
4971 1
5269 0
4533 1
9588 1
2694 1
3994 0
9155 1
11151 0
10140 1
643 1
9047 1
1288 0
11258 1
597 1
1180 0
6033 1
1442 1
11508 0
6900 1
8750 1
1680 0
10048 1
1250 1
5430 0
8237 1
10714 1
5934 0
11616 1
6176 1
2358 0
1759 1
2962 1
2162 0
6221 1
2001 1
3462 0
8883 1
11356 1
4330 0
7804 1
6579 0
6952 1
1054 1
4883 0
18 1
9066 1
3071 1
1573 0
9469 1
11267 1
984 0
9664 1
4999 1
8996 0
6234 1
6150 1
1159 0
5332 1
4076 1
9761 1
6969 0
5617 0
5718 1
11268 1
9757 1
7895 0
4538 1
2749 1
7023 0
11012 1
7813 1
4983 1
9052 0
279 1
4919 1
5079 0
10205 0
4649 1
3305 1
10777 0
8385 1
7715 1
7552 1
3679 0
7865 1
4621 1
5537 0
7309 1
10128 1
2359 0
2132 1
6795 1
404 0
2753 1
732 1
2431 0
5432 1
3692 1
6722 0
11350 1
9955 1
4989 1
10818 0
793 1
5272 0
5180 1
7207 1
841 1
8481 0
1388 1
2731 0
6574 1
1890 0
6625 1
2989 1
637 1
7989 0
600 1
3586 1
9439 0
405 1
3147 1
3463 0
11631 1
2131 0
11696 1
11725 1
878 1
6540 0
6912 1
5392 0
11100 1
3496 1
10427 1
3464 0
5672 1
9350 1
9581 0
9385 1
8696 1
1967 0
8106 1
9399 1
1312 1
9044 0
7106 0
3900 1
11576 1
7103 1
9106 0
11306 1
11128 0
1670 1
4471 1
10228 1
3948 0
8837 1
5898 1
10640 0
9062 1
9525 1
4682 0
6726 1
7870 1
766 0
4423 1
1873 1
1587 0
3455 1
7517 1
7589 1
896 0
7554 0
7626 1
571 1
9985 1
9567 0
5658 1
8309 1
7210 0
5044 1
7499 1
4829 1
2701 0
9405 1
6145 0
1774 1
2633 1
8975 0
6683 1
3642 1
2784 0
122 1
415 1
8104 0
5246 1
6805 1
4796 0
9400 1
4885 0
5558 1
6999 1
5448 1
6066 1
10928 0
9174 1
2600 1
8638 0
11600 0
6233 1
8952 1
3854 0
151 1
10422 1
45 1
4074 0
1532 1
6986 0
478 1
11727 1
8776 1
3982 0
8816 1
10780 0
2771 1
3448 1
54 1
5595 0
1594 1
5527 1
11523 0
382 1
4714 1
6215 0
11466 1
3115 1
3118 1
214 0
1122 0
8097 1
6825 1
6990 1
6170 0
1655 1
4524 1
3770 1
11177 0
9313 1
6781 0
672 1
10076 0
6209 1
9467 1
11240 1
11510 0
6060 1
4792 0
7970 1
4550 1
941 1
7885 0
2924 1
954 1
2043 0
10638 1
5354 1
3606 0
2200 1
7945 1
2811 1
3902 0
9566 1
10667 0
3020 1
11687 1
7985 1
5835 0
1939 1
7286 0
6471 1
11693 1
8741 0
2104 1
8116 1
5915 0
9492 1
2788 1
3223 0
1635 1
7108 0
6909 1
1368 1
1314 1
8171 0
9831 1
1619 1
5328 0
409 1
11074 0
10692 1
11000 1
698 1
3668 1
10024 0
3245 0
10652 1
6013 1
3899 0
10457 1
1760 1
8392 1
7972 1
6573 0
6056 0
2079 1
9866 1
4809 0
4163 1
2813 1
1450 0
2224 1
2934 1
3276 1
5597 0
177 1
7077 1
6955 1
11335 0
4379 1
2339 0
9246 1
8384 0
3646 1
7212 1
2490 1
11431 0
1254 1
8221 1
9779 1
4151 0
11718 1
2664 0
2817 1
8248 1
8368 0
8487 1
6664 1
9562 0
7376 1
6216 1
5724 0
11065 1
10371 1
3482 0
10169 1
11357 1
9419 0
5501 1
3199 1
2874 0
3499 1
2450 1
3278 1
6393 0
10653 0
963 1
9850 1
8526 1
11728 0
2163 1
4454 1
5567 0
10824 1
3205 0
9464 1
3061 1
11330 1
760 0
6793 1
9120 1
4589 0
9844 1
8285 1
4389 1
11455 0
11733 1
313 0
4424 1
10388 1
2890 0
5004 1
11509 0
838 1
4559 1
2648 0
5809 1
8348 1
124 1
11358 0
2315 1
9159 1
5620 1
2560 0
5702 1
7803 0
9602 1
8329 1
5695 1
4967 0
9564 1
1435 0
4952 1
8142 1
11534 0
6338 1
7644 0
6052 1
7380 1
6875 1
6144 0
4632 1
2057 1
7390 0
3054 1
5250 1
462 1
2109 0
2496 1
4797 1
1851 0
4203 1
2929 0
6169 1
6865 1
3821 0
1343 1
2658 0
7937 1
5900 1
8400 1
876 0
7509 1
10855 1
3410 0
14 1
10636 1
1166 0
5818 1
7779 1
6327 1
11516 0
5443 1
9438 0
6884 1
8672 1
5628 0
9048 1
4640 1
10635 0
946 1
3517 1
877 0
2317 1
8164 1
5699 0
5627 1
9746 1
3538 0
10917 1
8713 1
2472 0
10518 1
9802 1
4778 0
6946 1
1765 1
234 0
4487 1
5009 1
10674 0
4908 1
5540 1
3993 0
9006 1
5841 1
4768 0
3372 1
3105 1
3374 0
11256 1
5288 1
4192 0
3876 1
667 1
2830 0
5190 1
8557 1
3851 0
1426 1
918 0
5879 1
1413 1
8339 0
4615 1
4613 1
2016 1
4886 0
2992 1
6718 0
3003 1
931 1
7510 1
9234 1
8959 0
9074 1
129 0
1652 1
9100 0
9113 1
7735 1
1934 0
6260 1
10874 1
11454 1
7950 0
6239 1
2797 0
9752 1
2656 1
9434 1
2640 1
4963 0
275 1
7949 0
6893 1
4721 0
10354 1
2632 1
5219 0
182 1
6246 1
6611 0
2031 1
6313 1
1617 1
6472 0
2703 1
10073 1
5362 1
2738 0
3953 1
6392 0
1035 1
7846 0
4301 1
6173 1
2660 0
5949 1
2927 1
11189 1
6964 0
1148 1
5965 1
8738 1
4057 0
1120 0
1980 1
4465 1
11149 0
7130 1
10683 1
5948 1
5621 1
2294 0
6484 0
3762 1
2494 1
10999 1
8357 0
5457 1
1951 0
5420 1
2903 1
9045 1
5685 1
10660 0
9895 1
4991 0
7805 1
8449 1
3098 0
10295 1
11218 1
8079 0
1487 1
4994 1
7604 0
5224 1
4361 1
10173 0
4321 1
9055 1
6168 1
1393 0
11669 0
9354 1
10035 1
4282 1
4534 0
365 1
4377 1
10555 0
1030 1
10153 1
3669 0
6342 1
5459 1
5975 0
4713 1
1985 1
9333 1
2014 0
10589 0
6899 1
10115 1
4286 0
7322 1
3158 1
11521 1
4888 0
2117 1
10225 1
2814 0
10340 1
5720 1
8370 0
4795 1
2517 1
5950 1
3077 0
6439 0
3736 1
1199 1
968 0
1470 1
7345 1
7940 1
5062 1
8956 0
2024 1
7287 0
11161 1
10811 0
10461 1
282 1
9136 1
10886 0
2606 1
2566 1
10969 0
6815 1
4308 1
7088 0
9037 1
9893 1
2425 1
1505 0
7277 0
6757 1
5434 1
11167 0
1579 1
5848 1
10000 1
7850 0
4815 1
9344 1
9070 0
809 1
3491 1
5858 1
4974 0
3267 1
5007 0
2029 1
4165 0
7733 1
751 1
6446 0
3866 1
5676 1
1301 1
2872 0
5710 1
9042 0
1206 1
2891 1
11544 1
3783 1
1544 0
9708 1
11276 1
4710 0
11538 1
10353 0
419 1
7612 0
5286 1
1752 1
9807 1
453 0
4258 1
6049 1
11686 0
8102 1
2807 1
3312 0
3063 1
2747 1
79 0
3511 1
5908 1
6786 0
3590 1
6147 1
2673 0
8555 1
8972 0
11632 1
7054 1
1632 0
6321 1
9381 1
3545 0
3687 1
5533 1
5531 1
8968 0
2136 1
2127 0
6597 1
9476 1
9501 1
1720 0
8512 1
8711 1
1223 0
4002 1
11183 1
11670 0
2663 1
4236 1
36 0
2878 1
6953 1
4272 0
1930 1
9563 1
11154 0
11273 1
11262 1
6417 0
5072 1
808 1
11605 1
11584 0
3401 1
425 0
4103 1
3425 1
11186 0
4564 1
4702 1
8074 0
11712 1
8422 0
6112 1
88 1
1336 1
839 0
6784 1
3059 1
9770 1
17 0
7867 0
4091 1
10877 1
8794 1
9172 0
7107 1
928 1
6854 1
10323 0
2666 0
1806 1
8777 1
6896 1
7471 0
3709 1
11525 1
5539 1
304 0
8553 1
4503 0
5422 1
7352 1
4268 0
2737 1
2546 1
7136 1
1417 0
6285 1
1960 0
4066 1
104 0
4703 1
3718 1
2555 1
1226 0
2119 1
1217 1
5003 0
8379 1
6672 1
4633 1
11609 0
6255 1
894 0
1448 1
8284 0
3556 1
4083 1
5178 0
11613 1
4687 1
7600 0
11672 1
9031 1
7987 1
4341 1
644 0
6692 1
11667 0
5440 1
6967 1
3822 0
520 1
3232 1
6580 0
3235 1
971 1
11098 0
9276 1
1994 1
9128 0
10561 1
37 0
883 1
750 1
952 1
95 0
9277 1
10341 1
11178 1
7320 0
9826 1
7216 1
6799 0
9550 0
5890 1
5873 1
6449 1
9022 0
3493 1
6235 1
10226 0
9210 1
3523 1
1107 0
6538 1
10862 1
1497 0
1428 1
3716 1
2018 0
8885 1
1348 1
5812 0
7208 1
9490 1
109 0
10046 1
8117 1
9279 0
6490 1
1921 0
2624 1
4324 1
2994 0
4278 1
8929 1
965 1
7162 1
3178 0
1525 1
9966 1
7698 0
3021 1
898 0
187 1
3672 0
11724 1
3905 1
10442 0
11086 1
5270 1
2523 1
6107 0
4077 1
6352 0
3244 1
11367 1
4627 0
8665 1
5023 1
9135 1
3845 0
8899 1
10522 1
2201 0
8287 1
548 0
929 1
1322 1
188 1
3634 1
8808 0
11533 1
3658 1
2896 0
4266 1
2826 1
11097 0
3577 1
1345 1
11215 0
4857 1
8186 1
4951 0
3466 0
9086 1
2393 1
1370 1
3188 1
6427 0
5608 1
