377 691
396 545
148 210
675 681
368 99
279 164
796 158
805 95
847 468
1 474
589 104
433 616
931 115
186 182
950 208
539 188
195 493
558 176
283 19
182 937
579 396
395 731
598 767
399 574
412 566
134 889
910 554
381 27
527 477
421 569
520 675
155 612
31 938
0 589
272 452
799 130
929 744
259 120
616 89
212 860
424 865
480 501
147 663
495 864
437 145
655 844
771 423
340 444
191 796
867 307
434 409
71 564
859 514
941 465
424 4
671 296
24 940
947 655
917 641
854 950
665 790
598 28
583 914
142 198
650 952
43 854
559 20
563 902
852 375
460 562
322 495
302 905
295 37
426 775
747 401
148 836
220 866
77 778
855 871
888 158
488 956
505 8
567 827
514 400
545 958
892 651
415 13
867 427
647 337
678 223
955 749
193 920
587 439
173 852
7 452
275 592
748 409
96 52
319 3
761 475
489 748
195 275
194 867
940 386
478 288
751 203
580 214
467 953
214 853
107 613
290 119
213 111
13 283
204 397
682 799
848 816
98 959
663 421
63 40
774 301
657 678
139 512
247 322
176 148
644 661
658 294
334 668
871 753
373 396
836 372
548 173
52 489
209 750
299 703
483 377
511 341
753 762
306 398
895 365
847 757
174 725
288 464
477 362
34 119
377 316
772 863
391 685
301 716
883 212
145 455
833 58
670 888
133 14
37 536
766 580
426 313
341 196
120 381
353 334
469 308
819 751
565 55
127 847
29 186
713 644
902 805
853 211
950 484
672 609
944 1
492 471
582 859
58 682
122 195
117 217
574 123
100 290
97 578
496 508
92 254
444 328
390 935
939 559
99 728
694 86
578 189
350 941
241 216
4 620
233 103
849 793
94 751
601 2
571 812
939 248
302 511
920 661
569 199
200 626
110 167
752 127
838 898
389 697
116 910
868 63
161 846
208 282
235 536
769 279
684 491
716 116
2 725
566 207
923 118
530 285
475 680
526 291
214 558
289 533
378 185
55 880
145 768
860 837
170 939
28 857
387 403
557 737
737 670
754 656
944 933
484 385
840 399
215 581
469 347
443 587
464 437
359 944
238 331
856 895
846 665
958 778
30 247
659 911
899 772
778 496
26 945
409 688
806 368
595 291
118 490
898 623
576 424
959 344
136 62
494 216
473 769
401 758
406 517
700 666
328 755
592 598
306 734
586 570
296 100
182 809
613 147
254 111
288 899
848 29
533 319
280 11
449 765
202 443
568 752
956 641
113 142
187 235
60 206
158 102
216 955
762 818
386 190
743 886
911 582
858 936
938 470
133 502
104 586
953 942
409 263
466 66
309 241
423 148
677 815
669 426
89 52
386 233
278 747
486 861
945 655
719 201
946 923
620 151
476 480
691 192
662 388
164 298
712 694
588 195
860 202
740 569
844 415
198 289
188 871
266 766
923 191
362 43
554 671
734 257
533 382
697 449
949 709
15 760
667 551
3 325
398 908
292 960
80 389
189 866
14 659
164 505
154 819
123 13
8 475
790 399
793 98
572 460
114 446
951 24
502 124
387 821
158 482
911 15
864 911
805 485
767 293
199 374
308 278
12 287
703 9
294 568
680 706
121 194
886 494
475 49
941 155
474 426
374 846
866 61
863 607
573 929
898 286
347 478
381 577
685 10
778 17
226 669
190 251
25 526
675 684
654 657
206 754
837 359
384 806
745 109
382 174
584 296
914 387
403 406
688 824
313 595
755 818
679 947
385 302
379 957
564 424
889 743
252 917
473 662
284 774
784 754
86 579
581 479
672 154
458 542
16 929
344 700
514 200
102 77
560 923
568 30
491 672
297 133
653 433
536 472
685 252
610 23
471 654
652 9
880 440
681 213
561 932
40 395
787 110
768 560
418 214
932 108
5 229
337 598
781 122
49 784
499 386
480 583
585 653
257 948
656 483
626 944
325 649
19 55
722 568
465 402
933 481
142 466
83 373
874 390
300 96
668 881
952 587
471 134
210 722
758 114
40 771
392 387
678 309
929 215
833 745
493 576
211 334
207 638
109 910
344 393
9 868
960 841
338 94
660 74
731 196
281 418
845 799
629 674
390 856
943 660
862 430
104 647
455 557
623 565
362 299
809 394
697 770
470 7
115 108
101 322
472 6
760 860
74 26
757 619
217 187
368 561
61 16
827 953
365 677
866 572
709 12
304 266
942 719
151 379
10 22
97 949
841 392
229 849
764 65
331 133
203 269
430 145
744 930
737 83
802 761
266 563
108 209
9 281
937 874
551 517
960 193
468 371
517 567
397 737
569 943
562 781
334 858
452 764
167 412
388 433
577 101
815 444
263 787
380 746
664 473
316 740
196 658
17 391
816 520
5 238
749 136
440 201
609 571
957 793
110 121
130 584
562 139
575 68
286 467
68 847
20 5
871 802
269 164
393 434
111 380
759 110
103 136
108 756
285 898
205 812
930 675
400 759
124 344
287 573
935 205
843 18
649 350
818 305
775 292
282 40
948 548
65 377
223 499
151 585
812 539
66 46
293 5
291 713
905 170
666 514
566 458
641 0
508 325
746 473
542 960
396 931
490 142
93 533
881 951
725 486
512 479
27 297
747 862
725 378
147 843
479 71
485 353
908 46
673 340
865 664
394 672
756 220
305 117
372 951
770 113
852 839
452 107
934 588
607 712
251 833
501 840
694 384
936 678
111 338
439 34
661 667
248 310
192 244
114 80
95 492
301 883
641 934
638 480
310 381
863 204
839 304
750 685
244 892
570 939
821 838
846 679
185 950
52 356
402 302
6 244
824 147
46 601
446 946
371 833
481 566
307 476
12 610
298 31
812 673
18 867
751 523
197 626
604 226
21 401
763 105
461 926
96 142
5 424
383 954
913 376
266 209
960 274
489 769
379 676
851 158
105 196
472 850
933 752
413 112
487 308
819 773
106 322
26 483
232 842
629 298
632 260
89 304
641 945
612 139
635 877
830 1
179 303
