584 0
130 1
799 1
682 0
296 1
100 1
671 1
58 1
290 1
119 0
833 1
845 1
251 0
554 1
910 1
116 1
371 1
109 1
745 1
190 1
34 1
716 1
301 1
883 0
468 1
386 1
847 0
940 1
212 1
68 1
575 1
127 1
439 0
587 1
774 0
284 1
757 1
443 1
619 1
499 1
752 0
568 1
233 1
933 1
24 1
951 0
952 1
722 1
372 1
30 0
103 1
294 1
210 1
836 1
136 1
749 1
955 0
658 1
881 1
668 0
223 1
202 1
247 1
860 1
760 1
837 0
678 1
944 1
334 1
15 1
322 0
101 1
106 1
359 1
911 0
216 1
494 1
577 1
886 1
1 1
148 0
864 1
62 1
626 0
582 1
659 1
309 1
858 1
14 1
197 1
381 0
859 1
176 1
196 0
474 1
105 1
650 1
241 1
743 1
200 1
133 0
731 1
423 1
830 1
426 0
341 1
331 1
657 1
775 1
763 1
654 0
310 1
27 1
511 1
248 1
395 1
302 0
669 1
495 1
939 0
771 1
502 1
471 1
559 1
297 1
889 1
514 0
313 1
20 1
402 1
492 0
400 1
120 1
465 1
170 1
95 1
40 1
941 0
350 1
5 0
155 1
649 1
666 1
385 1
481 1
134 0
570 1
229 1
211 1
759 1
558 1
566 0
458 1
282 1
853 1
214 0
905 1
412 1
418 1
63 1
849 1
238 1
281 0
167 1
110 0
936 1
293 1
868 1
124 1
292 1
960 0
207 1
193 1
542 1
344 0
700 1
580 1
787 1
259 1
638 1
586 1
841 1
480 0
263 1
104 0
226 1
476 1
501 1
647 1
793 0
274 1
612 1
392 1
393 1
920 1
121 1
840 0
589 1
307 1
767 1
661 0
208 1
667 1
595 1
291 0
353 1
713 1
9 1
959 1
434 1
409 0
583 1
0 1
805 1
950 0
337 1
399 1
748 1
604 1
139 1
688 1
598 0
485 1
957 1
28 1
641 1
867 0
526 1
592 1
185 1
945 0
98 1
655 1
574 1
18 1
484 1
917 1
325 0
857 1
26 1
947 0
562 1
508 1
781 1
387 0
914 1
403 1
378 1
821 1
25 1
379 0
838 1
844 1
551 1
3 1
898 0
427 1
676 1
286 1
956 1
488 1
74 1
122 0
195 1
854 1
406 1
496 0
790 1
623 1
467 1
679 1
517 0
512 1
652 1
725 0
151 1
493 1
665 1
486 1
588 0
123 1
285 1
174 1
934 1
660 1
483 0
252 1
565 1
275 1
644 1
13 0
656 1
620 1
377 1
685 0
750 1
10 1
567 1
827 1
283 1
391 1
55 0
22 1
691 1
415 1
824 1
703 0
424 1
194 1
479 1
846 0
19 1
460 1
572 1
880 1
147 0
161 1
585 1
943 1
374 1
564 0
299 1
663 1
4 1
861 1
569 0
2 1
421 1
199 1
576 0
902 1
613 1
71 1
316 1
192 1
766 1
563 0
740 1
17 1
107 1
866 0
653 1
61 1
440 1
209 1
452 0
7 1
601 1
319 1
272 1
764 1
65 0
362 1
843 1
266 0
489 1
189 1
304 1
839 1
220 1
433 1
388 1
108 0
115 1
756 1
662 1
46 0
769 1
865 1
470 1
473 0
382 1
279 1
932 1
533 1
52 0
66 1
908 1
89 1
852 0
561 1
356 1
530 1
164 0
778 1
269 1
746 1
375 1
173 1
477 1
958 0
298 1
548 1
505 1
953 0
948 1
754 1
664 1
203 1
942 1
