49 1
80 3
123 123
149 69
101 109
144 41
55 16
121 113
131 120
133 46
140 135
43 76
86 138
42 28
145 28
119 36
146 1
115 8
100 66
70 99
140 90
141 49
96 54
152 63
44 95
108 7
146 66
150 57
19 115
70 117
75 130
136 131
132 143
146 85
130 69
123 73
141 44
80 15
95 100
35 99
61 135
118 140
98 41
112 135
106 84
79 0
122 95
56 67
17 135
99 56
41 60
103 38
38 29
91 118
74 2
140 140
70 141
118 47
112 77
73 24
101 32
150 132
47 74
90 55
116 60
19 119
110 10
146 66
90 72
37 20
99 36
144 55
106 143
132 43
103 132
115 28
119 87
91 12
107 133
130 109
63 0
90 136
119 42
86 63
97 57
51 85
51 65
131 97
58 1
61 151
71 5
126 142
142 108
120 35
141 21
118 101
128 102
93 11
127 69
125 131
150 35
124 148
101 34
152 122
109 122
46 52
107 113
88 99
151 145
132 15
104 47
138 101
109 151
97 81
150 91
119 72
149 63
93 119
78 68
112 83
143 6
149 48
76 109
105 62
137 50
143 2
20 80
48 142
76 118
62 41
134 115
104 68
105 70
104 5
106 148
128 151
107 58
100 150
97 13
136 85
106 88
16 63
130 88
98 82
150 123
69 58
28 75
116 16
135 52
141 135
84 51
144 57
138 76
49 87
105 6
42 64
136 126
122 102
14 103
102 117
125 110
72 77
115 147
97 33
110 72
145 83
145 79
148 116
72 48
75 106
127 67
56 126
104 63
136 31
131 94
132 129
36 74
97 6
100 72
84 119
58 35
52 89
135 84
152 44
135 99
97 9
93 42
133 43
77 150
61 86
38 116
112 148
146 0
146 133
69 148
143 9
111 6
135 29
133 81
44 36
129 50
135 128
64 144
130 114
19 140
137 1
76 122
51 95
138 140
150 23
100 75
98 80
57 28
103 42
113 25
87 24
80 96
147 145
147 151
122 51
118 96
16 45
112 94
104 116
67 47
48 45
151 138
124 71
124 20
102 35
114 106
105 140
127 122
136 50
39 91
145 62
143 121
73 106
80 70
105 107
110 80
119 114
151 83
147 138
81 16
145 62
145 134
68 94
63 3
125 84
50 70
115 82
137 142
27 133
124 134
136 57
134 95
70 27
117 87
69 133
52 85
9 110
141 0
114 15
75 112
94 91
147 37
109 62
150 8
67 120
88 8
131 137
137 44
145 146
133 75
80 106
89 3
46 64
80 11
22 63
99 74
150 145
15 76
105 14
124 39
46 31
84 144
96 122
118 89
121 96
96 113
152 80
111 62
122 85
39 139
135 101
124 118
101 109
143 15
90 143
50 23
138 115
142 78
104 62
111 132
86 84
114 101
86 54
139 10
98 26
141 73
51 82
134 142
120 79
117 117
118 60
93 28
148 150
143 35
55 69
147 42
36 86
146 104
103 97
67 130
79 62
54 112
130 109
148 48
147 126
138 114
77 30
80 57
71 23
148 59
151 34
66 140
7 3
134 145
112 95
130 17
71 98
94 38
35 6
71 150
150 21
116 53
139 133
97 142
71 12
127 49
133 48
142 77
141 141
49 132
115 10
119 127
136 77
70 46
146 35
39 54
90 102
113 59
127 99
122 102
150 104
101 139
65 11
79 50
79 134
113 16
105 69
89 20
76 149
152 76
63 79
140 11
150 111
111 107
108 69
109 46
60 67
145 55
123 108
149 93
115 62
141 21
62 24
101 91
151 27
49 37
110 132
67 25
137 80
145 75
60 94
94 24
78 128
152 76
74 128
58 58
127 33
103 28
114 43
51 30
127 144
139 68
120 56
87 140
92 57
130 80
140 63
100 30
117 0
16 72
97 117
79 43
132 138
104 25
71 101
121 72
74 140
99 151
83 143
93 137
66 89
123 5
115 105
107 27
26 85
29 100
96 141
86 15
85 95
130 26
152 90
123 69
87 1
109 63
105 103
147 86
111 142
114 113
104 145
149 6
100 93
151 99
52 83
146 151
113 48
141 64
128 129
71 135
54 127
126 0
97 110
108 13
134 95
151 15
104 57
71 113
135 67
34 59
139 149
113 110
129 95
119 137
124 146
46 94
144 150
141 119
51 38
67 143
108 59
54 83
140 146
107 121
74 60
69 27
149 57
122 16
36 134
101 144
53 124
151 129
89 5
128 116
100 38
120 102
138 13
104 12
131 2
6 25
141 77
125 146
48 79
123 113
80 14
150 146
139 136
70 123
117 58
151 67
123 33
110 0
144 35
37 98
52 115
46 35
89 132
94 91
142 40
93 135
109 137
83 141
121 60
137 31
150 4
84 28
91 9
133 80
96 138
84 94
97 96
91 60
57 41
52 31
92 62
116 62
77 55
132 43
60 114
103 37
86 27
41 44
149 99
83 102
58 82
113 151
91 103
145 43
75 145
100 115
125 101
39 20
60 45
144 50
104 20
67 84
83 18
25 134
112 95
118 125
116 6
107 73
48 77
122 60
116 54
145 85
150 113
147 142
102 6
33 137
145 57
133 64
132 138
54 99
17 44
82 133
149 78
53 62
114 83
89 113
144 112
119 73
109 134
40 84
131 139
83 49
146 85
40 41
110 137
100 55
144 6
144 9
110 84
116 96
90 36
121 69
80 120
107 70
139 41
87 116
104 97
43 41
114 130
73 136
150 148
128 58
113 63
152 16
35 67
71 2
144 1
138 42
80 122
80 68
108 73
120 129
105 79
98 84
49 97
25 12
129 95
139 86
83 12
138 41
90 36
90 132
53 87
95 152
85 94
121 137
99 39
144 89
47 44
118 142
74 127
129 84
129 91
141 129
139 144
122 82
116 95
149 7
150 66
78 124
129 9
106 40
62 71
109 24
10 131
141 93
84 40
141 41
54 80
139 3
139 95
116 115
99 112
106 140
61 91
134 151
86 37
72 25
144 80
124 62
150 148
116 85
57 125
78 22
55 25
106 119
145 45
136 108
113 79
146 55
65 143
115 69
57 0
31 97
135 106
135 137
47 89
137 5
90 151
95 135
122 118
56 90
150 97
127 94
114 49
128 139
130 45
68 123
57 118
54 140
106 143
64 88
143 144
115 131
116 70
108 118
129 124
45 105
114 70
111 93
126 150
113 34
106 3
118 1
131 45
120 84
87 65
93 108
106 36
101 56
90 27
144 126
126 10
144 56
85 96
119 108
21 46
123 91
143 11
151 8
128 139
126 146
66 121
142 76
99 78
101 34
139 93
149 105
139 70
138 17
95 59
116 112
113 86
122 77
124 122
139 3
125 130
96 56
38 97
89 39
129 83
82 93
111 87
149 52
49 139
91 30
140 126
39 148
111 149
98 51
69 103
76 22
127 93
91 76
100 76
43 16
75 146
101 93
75 50
95 24
135 55
149 23
118 7
126 61
119 76
109 77
116 128
122 9
108 39
71 50
122 37
117 110
114 61
118 125
85 97
123 136
109 38
95 81
107 20
82 57
73 41
29 36
142 116
135 32
71 119
85 64
90 93
107 26
109 71
130 94
85 83
130 37
127 30
78 75
38 52
128 17
104 119
33 132
68 22
119 107
86 28
111 92
60 64
89 79
85 47
69 73
118 132
81 125
25 9
136 151
106 132
103 51
128 123
29 87
146 87
70 148
125 28
109 3
57 78
50 1
34 100
133 54
87 78
32 150
107 151
85 48
121 51
98 63
152 115
132 92
27 124
150 149
151 124
46 152
87 82
86 87
69 151
82 78
93 126
86 145
114 14
62 135
78 151
50 122
104 148
136 88
137 28
60 87
147 78
35 40
106 3
87 34
120 26
71 79
104 147
62 5
137 4
97 74
121 142
99 95
72 152
65 17
113 13
127 105
101 22
92 17
73 26
149 72
93 79
98 50
92 142
123 1
130 1
97 97
151 124
122 14
77 131
137 29
83 78
149 12
89 83
150 18
74 139
95 38
68 129
94 49
116 132
54 107
117 93
60 16
34 142
83 16
122 2
73 56
148 62
129 141
142 96
150 35
112 60
117 50
111 22
149 63
40 79
126 31
141 10
107 43
140 104
126 85
134 6
126 143
72 12
115 130
127 64
78 127
111 9
126 128
58 13
28 26
141 125
82 144
69 134
121 99
113 152
53 104
104 102
100 147
48 88
133 152
87 122
114 151
115 6
119 76
141 58
119 54
89 122
85 88
98 62
141 36
93 49
20 43
109 123
133 138
120 65
107 131
144 48
144 82
61 97
123 145
94 75
125 110
115 71
64 28
116 103
80 126
52 80
51 112
93 53
134 55
63 104
123 51
134 82
98 45
123 122
83 72
94 17
144 74
146 137
117 63
85 142
103 41
108 119
27 26
120 57
30 125
133 38
131 29
113 138
108 2
103 93
141 12
126 61
145 76
95 64
91 56
56 9
144 91
69 31
129 92
114 136
150 132
151 139
60 71
73 23
82 123
82 108
85 146
136 29
110 139
99 3
75 146
142 142
99 94
147 77
122 77
135 152
94 13
46 105
121 150
121 9
120 18
105 4
131 127
130 5
137 123
113 35
130 134
97 133
116 45
144 87
128 144
59 115
114 129
77 61
132 12
100 32
8 63
83 64
59 41
152 52
149 74
91 117
77 73
55 137
146 151
81 144
127 101
35 3
104 101
144 65
82 40
117 24
114 48
152 7
104 98
81 83
8 73
128 8
125 146
112 78
106 74
110 90
127 129
151 129
136 134
27 6
58 59
117 36
60 30
87 120
147 138
100 88
65 2
30 37
122 103
89 61
114 73
103 101
54 32
85 40
85 117
133 9
58 55
114 108
129 109
142 132
41 147
149 38
74 29
132 17
115 43
123 152
110 54
112 117
76 146
132 11
87 11
147 35
150 125
79 76
143 144
90 73
131 53
72 42
87 46
77 33
88 59
10 131
142 26
106 104
49 54
27 86
79 10
131 15
94 25
43 32
45 50
70 100
119 45
82 6
79 47
147 128
52 58
90 142
33 130
102 36
147 118
102 149
70 26
91 111
77 35
104 62
96 9
140 85
46 31
99 81
91 31
129 36
136 145
141 39
103 59
13 149
76 12
144 59
101 76
57 106
93 115
146 152
29 103
129 72
131 29
106 15
62 70
103 9
142 92
123 9
84 68
151 99
85 114
56 17
35 16
143 140
98 80
93 18
50 91
152 93
98 101
48 110
104 32
126 144
55 49
64 9
49 97
123 51
152 109
115 34
61 92
120 50
128 54
97 15
151 62
117 1
134 72
151 123
145 92
86 59
59 81
152 89
113 23
14 12
49 81
89 71
150 87
118 95
43 109
75 12
138 47
118 96
90 129
59 94
151 19
56 44
81 152
88 23
103 115
122 44
131 141
141 43
128 55
64 69
136 45
146 92
123 128
127 50
35 122
140 27
105 46
117 58
117 58
108 28
88 9
70 5
105 147
103 38
32 13
152 50
50 33
39 70
147 108
38 133
123 132
109 95
119 103
150 90
152 126
89 14
45 105
118 63
97 4
142 95
105 60
120 91
72 95
149 31
132 137
139 48
126 150
118 114
144 16
122 143
147 77
139 64
58 23
85 97
97 67
113 121
94 47
149 17
145 106
122 150
129 33
111 8
46 146
141 55
112 122
135 150
144 31
49 13
66 27
111 128
130 43
132 92
12 84
138 72
84 70
107 44
138 140
109 25
105 18
131 16
149 47
130 73
90 29
50 82
66 39
129 56
71 128
89 42
99 1
91 23
108 24
93 143
88 21
101 93
149 118
102 38
117 10
102 45
92 69
137 16
139 85
141 135
73 50
97 25
67 91
138 144
12 80
14 124
85 81
147 62
86 41
35 141
101 78
125 130
81 126
151 137
80 12
93 117
53 104
127 17
90 110
79 120
129 11
91 24
143 111
78 19
49 79
108 69
81 76
117 68
99 127
139 35
148 101
102 117
120 137
134 21
126 93
151 22
117 52
96 55
138 144
68 152
115 31
149 83
78 93
117 62
104 21
79 103
104 136
13 80
73 45
66 24
152 128
95 81
60 103
131 10
133 92
122 91
68 71
26 7
85 58
115 145
28 67
139 137
129 68
79 81
79 8
111 81
106 119
141 9
135 150
47 105
136 138
68 70
73 125
41 11
127 100
148 21
152 38
53 15
126 92
138 117
96 115
104 139
142 144
141 148
93 40
144 74
151 6
130 143
79 78
39 46
138 122
113 82
145 69
57 129
35 115
81 55
116 140
33 143
116 7
53 10
111 51
69 3
81 25
142 6
116 134
125 74
149 116
42 112
151 71
65 101
138 32
86 39
38 53
147 67
97 65
94 54
121 38
152 16
151 32
98 79
152 146
86 11
123 135
125 47
40 100
127 20
83 77
133 86
137 125
145 65
130 117
48 127
60 91
84 64
93 56
125 139
151 102
138 35
75 140
76 62
29 99
113 148
43 60
152 134
143 80
103 27
100 26
34 30
25 24
148 152
118 30
85 58
69 47
148 84
108 82
36 61
90 80
140 38
132 24
28 99
118 151
91 84
96 128
119 36
47 64
102 47
118 7
98 140
147 19
12 35
127 7
30 12
148 51
60 127
143 83
63 33
52 104
106 33
114 124
76 51
120 81
45 103
142 116
119 102
99 25
40 76
137 56
49 142
94 96
74 141
144 131
74 111
47 32
116 61
37 148
109 47
122 80
137 118
50 37
97 19
74 9
37 127
123 58
115 6
41 17
24 13
124 11
126 45
152 59
76 23
123 35
147 133
145 30
127 127
20 50
44 6
112 68
89 151
138 75
146 49
18 108
133 118
91 149
71 106
136 19
105 89
105 114
134 120
149 144
146 90
143 133
87 112
137 138
108 45
88 112
90 104
143 102
108 69
76 71
113 125
147 124
69 109
108 142
39 41
131 146
73 9
90 15
98 59
121 33
40 143
68 118
60 75
131 110
132 100
110 131
68 40
148 96
61 116
22 44
82 31
125 21
114 68
74 30
112 137
148 116
145 114
82 31
21 120
39 123
96 54
113 119
60 104
128 152
9 69
81 18
98 132
93 139
143 11
113 109
50 31
146 106
119 137
150 114
151 44
37 72
108 78
121 147
102 109
110 64
112 89
125 61
149 99
139 8
150 127
116 105
102 54
115 61
98 138
92 129
132 73
107 143
113 11
93 40
121 105
79 60
76 33
148 138
85 59
123 47
143 93
144 74
152 46
116 95
65 133
142 30
116 48
125 108
95 34
148 145
108 33
106 148
130 132
127 38
129 37
71 143
136 140
84 146
90 39
145 11
143 9
69 59
107 141
128 57
118 27
147 121
93 108
86 120
98 18
130 0
88 58
105 71
145 128
136 57
100 105
90 41
130 59
45 28
140 152
54 27
88 11
93 52
136 63
107 22
125 112
147 80
144 87
150 129
76 138
72 108
73 76
19 19
134 131
89 122
136 79
66 99
32 111
78 55
136 46
113 131
92 124
66 104
109 20
72 74
82 100
141 145
128 100
31 85
131 86
135 105
45 34
135 145
104 129
75 146
135 60
90 126
135 66
110 64
146 112
152 143
142 67
116 23
138 38
124 109
131 64
133 17
111 83
108 52
24 127
108 64
55 134
140 101
38 114
145 27
88 91
129 114
76 4
143 24
92 68
141 111
141 81
51 136
76 139
112 21
124 8
123 147
134 123
130 108
145 115
32 8
142 99
80 17
130 115
112 54
62 30
125 13
120 11
101 107
14 46
84 6
40 130
82 115
108 79
128 116
56 52
65 58
121 117
142 3
55 113
147 120
48 83
111 68
147 84
124 60
112 68
111 58
151 86
103 15
91 46
122 40
106 23
129 132
144 57
69 71
152 142
90 136
105 111
37 89
145 33
134 75
41 38
92 47
147 67
78 29
115 76
116 73
142 33
94 97
73 70
143 39
107 0
81 141
116 29
62 130
33 35
83 141
102 87
88 119
142 19
136 75
23 143
87 15
143 100
130 117
92 12
77 20
128 129
137 80
147 138
62 70
62 33
88 137
49 111
86 107
25 38
141 16
141 109
79 25
34 43
77 84
136 151
108 136
126 112
101 109
106 27
50 59
115 53
72 44
105 74
92 130
109 74
126 39
132 128
133 31
148 35
135 131
135 71
146 23
129 20
35 25
144 71
36 6
140 101
83 65
138 136
7 67
69 0
151 65
110 91
71 145
152 76
12 111
150 136
121 131
94 118
134 141
151 151
114 103
89 23
63 15
16 146
64 136
146 75
97 115
68 109
119 86
89 18
68 126
112 70
54 45
149 44
67 35
113 113
94 0
126 148
104 63
152 149
132 33
151 31
152 132
146 44
152 67
89 40
124 65
151 113
121 95
54 79
142 75
88 114
75 114
126 61
94 7
57 5
97 93
126 82
96 142
107 93
55 148
60 89
129 120
114 109
32 7
73 134
67 19
60 37
58 55
138 99
68 70
122 43
104 39
74 8
57 2
11 74
79 18
136 126
124 15
130 36
128 55
95 83
45 42
116 119
147 10
79 22
136 137
72 108
132 63
146 93
124 143
109 52
131 105
138 82
133 10
121 22
127 4
144 62
93 46
96 130
75 28
46 46
132 16
27 68
100 92
80 71
111 31
96 27
27 120
53 141
55 43
151 49
116 19
148 76
130 50
143 42
128 117
142 47
148 86
82 21
74 34
13 62
89 78
41 150
69 26
152 34
76 128
115 33
87 147
113 131
101 36
97 78
38 115
104 112
64 133
63 42
58 137
151 132
143 55
120 6
105 60
146 9
95 94
116 108
150 59
57 89
38 99
144 15
112 30
31 75
114 1
95 124
54 148
18 96
131 142
106 117
141 56
134 15
116 67
107 108
138 145
88 6
126 34
100 21
107 41
88 34
122 118
116 22
100 133
104 106
122 78
83 12
152 76
144 5
145 71
39 97
86 88
58 26
48 86
103 139
46 30
114 124
141 114
79 108
144 99
60 81
123 142
151 115
105 19
66 137
65 114
46 55
23 131
49 45
143 63
126 107
146 9
95 15
132 110
148 87
115 126
23 141
150 49
139 151
150 0
131 49
105 152
141 59
110 7
143 117
96 26
104 18
45 3
92 85
36 84
140 150
97 82
139 105
149 9
150 81
73 68
115 43
68 81
77 118
95 45
115 88
126 86
151 136
122 147
143 36
81 111
63 109
53 113
13 45
42 88
45 82
80 64
104 127
67 50
122 77
136 119
102 10
64 11
133 124
95 28
135 80
76 97
107 70
47 140
137 79
102 110
101 99
45 129
137 98
56 113
105 21
25 132
119 47
102 62
48 134
91 65
51 5
148 36
99 123
88 115
116 128
151 74
40 87
115 9
139 90
81 104
105 23
76 23
152 31
79 2
84 7
106 31
73 135
110 46
107 97
109 59
125 137
28 147
67 72
117 9
100 74
112 62
145 40
137 89
132 111
83 18
78 12
144 67
59 5
110 135
137 21
142 136
128 138
132 141
105 8
120 18
69 109
41 149
85 41
118 5
73 102
136 97
148 23
102 79
72 49
119 69
152 126
140 136
80 38
120 1
90 10
20 105
144 131
69 105
97 71
100 64
90 5
113 55
123 55
84 17
144 113
83 53
117 48
114 127
86 74
115 17
110 32
70 112
30 87
131 100
123 135
145 60
146 147
85 64
117 38
140 102
119 98
115 8
91 42
147 152
73 149
80 124
77 87
65 57
110 19
128 35
149 83
118 152
113 143
44 56
96 70
63 94
137 46
143 143
151 74
148 103
129 69
99 38
102 5
49 105
104 28
118 144
68 11
148 85
139 73
77 18
5 91
99 6
119 147
130 137
95 95
114 65
142 133
89 129
78 16
117 133
143 80
50 104
149 124
66 148
6 139
128 52
141 85
125 121
101 58
66 9
127 144
117 41
92 24
38 99
130 28
59 84
68 26
19 16
122 59
131 128
78 96
120 144
90 21
152 55
126 29
96 17
125 104
54 91
150 24
139 24
104 52
77 51
102 57
75 95
127 131
139 82
132 64
64 112
109 43
11 45
133 121
96 96
129 0
148 120
110 145
112 112
151 44
66 27
117 48
61 106
139 0
47 142
33 86
82 147
57 119
53 42
152 140
148 102
151 5
141 144
114 116
137 50
136 135
87 61
107 41
73 63
129 147
88 102
50 102
100 50
140 60
116 21
96 100
147 117
71 122
126 103
148 84
14 24
93 145
51 10
122 37
108 45
139 65
79 23
28 1
118 114
87 6
52 9
75 128
151 59
118 85
129 26
50 38
52 118
138 16
145 57
30 105
104 10
143 26
114 86
52 115
144 66
88 84
56 61
41 58
134 151
97 92
70 25
72 52
79 32
71 106
152 89
106 27
48 92
102 150
122 107
126 48
126 139
111 4
148 25
128 83
101 0
123 7
38 71
71 133
74 4
41 45
49 64
63 37
117 88
113 35
133 20
131 89
145 30
137 98
123 78
86 38
111 3
125 114
129 151
150 99
26 10
67 62
15 120
148 47
39 92
105 19
149 149
49 86
75 42
118 26
106 122
150 66
32 38
122 136
135 135
128 138
57 60
55 146
83 37
41 0
75 152
138 81
136 123
77 94
134 92
122 19
116 54
141 115
102 7
14 100
97 59
111 54
97 79
78 26
98 62
114 6
65 57
100 6
138 30
54 30
131 20
56 62
128 145
133 2
147 92
101 62
88 140
109 84
128 135
135 61
49 130
113 63
148 18
37 150
148 101
131 17
125 106
77 67
66 119
104 117
127 113
98 123
59 110
63 78
85 26
84 25
127 38
67 142
146 146
81 90
104 100
121 92
139 32
38 116
148 108
94 146
136 26
54 144
87 87
112 11
98 11
29 38
83 81
56 21
113 75
38 128
56 12
18 140
149 128
130 17
122 97
96 74
91 24
87 104
86 150
72 42
134 17
106 97
132 12
143 144
78 134
99 2
140 70
152 10
131 6
70 16
75 133
58 92
60 28
97 96
107 55
131 3
130 46
96 7
123 124
50 105
131 96
49 44
68 24
139 148
26 116
119 75
66 101
106 148
101 147
128 75
77 67
145 75
70 148
152 31
23 114
115 89
136 121
123 118
135 9
125 74
102 19
91 10
150 56
126 119
82 74
152 16
135 147
137 94
146 20
105 84
132 17
124 5
66 50
102 65
132 84
133 44
15 12
144 66
104 18
74 42
135 18
105 12
145 14
147 133
125 116
95 115
81 61
143 145
94 4
87 30
110 151
30 26
114 79
118 32
68 13
25 21
94 74
151 73
136 64
128 26
119 59
137 13
71 104
115 132
128 54
135 74
24 82
143 133
90 92
120 94
144 3
146 48
75 150
54 51
56 25
119 97
140 93
140 52
82 9
80 72
127 92
80 142
82 27
146 73
119 119
137 140
102 145
131 4
93 111
58 152
59 140
5 48
125 113
52 11
150 118
88 118
72 110
139 100
75 74
132 127
134 4
149 102
117 20
83 86
70 36
107 42
122 119
125 122
48 31
144 148
68 40
106 90
82 43
106 119
136 74
149 86
126 17
63 76
134 7
137 93
146 39
29 15
41 16
100 54
69 69
37 51
40 29
76 28
94 20
77 87
102 40
66 135
98 86
127 2
122 104
146 149
34 102
63 85
45 78
85 74
150 148
77 78
3 108
90 82
147 95
82 22
130 99
148 113
141 122
69 26
151 57
74 135
91 39
151 101
101 63
134 151
31 62
121 117
114 2
121 142
46 27
109 68
125 1
62 76
57 0
81 113
124 7
115 79
146 103
104 19
136 101
149 125
126 148
44 80
86 152
103 39
58 105
127 148
56 76
106 1
95 88
47 63
138 122
123 130
114 115
145 21
101 137
77 85
147 40
7 30
147 138
6 6
148 43
81 85
113 90
147 105
24 127
94 37
35 96
112 138
59 145
105 75
88 12
116 92
116 130
135 78
10 2
84 54
88 72
76 59
150 106
92 149
93 11
140 127
94 119
68 120
125 16
48 37
131 4
142 111
67 25
117 142
119 131
141 125
131 44
126 91
149 17
88 26
111 39
138 73
69 23
90 135
117 37
141 61
77 87
125 22
113 129
115 135
66 40
135 111
128 99
64 135
123 129
118 115
152 151
40 107
144 52
137 108
122 115
134 65
103 91
57 82
124 45
56 90
135 56
129 124
76 124
92 18
53 38
48 37
72 4
86 53
134 42
123 68
63 112
24 132
141 31
67 82
121 52
68 145
107 77
140 62
152 62
52 30
56 51
140 47
87 122
150 25
74 35
83 56
105 123
83 131
123 48
73 32
135 26
129 110
136 121
133 112
123 66
44 86
138 72
151 34
149 31
83 3
67 97
45 138
140 107
52 40
69 94
133 49
39 7
151 129
11 21
139 14
140 108
129 81
138 51
100 32
96 141
139 46
67 96
132 144
92 45
133 137
106 28
90 72
86 60
127 11
104 133
125 48
149 77
140 23
21 19
29 145
128 49
56 68
105 67
144 72
83 13
130 147
72 16
60 68
115 27
52 134
25 103
88 150
91 116
22 134
61 122
111 82
121 74
23 62
46 3
124 48
126 133
134 73
57 115
20 74
108 42
118 128
139 57
125 92
122 30
138 52
107 5
91 63
67 150
54 142
91 43
113 38
74 48
78 44
116 68
74 39
144 27
73 146
144 138
58 79
101 83
143 81
119 37
95 73
36 105
103 40
97 36
122 102
142 7
133 52
151 3
149 34
139 70
93 83
106 112
144 147
144 107
149 54
125 101
122 101
96 150
108 73
143 63
32 9
70 125
28 29
50 68
133 124
96 84
131 48
89 38
71 51
116 21
62 144
149 5
61 68
117 120
58 99
111 62
145 103
136 144
20 95
66 74
120 126
126 116
134 88
115 106
85 109
5 42
105 96
144 143
120 134
91 44
38 151
116 103
51 76
58 36
113 105
89 63
107 128
147 121
125 51
130 123
45 114
142 30
78 9
145 81
9 127
133 5
82 39
139 133
136 60
103 75
144 96
109 133
150 150
13 68
79 22
36 142
137 5
101 12
62 122
58 147
112 48
131 141
71 32
116 3
125 60
66 12
100 17
131 78
145 104
116 108
136 31
92 34
114 2
111 122
59 125
87 33
136 116
80 143
120 120
74 75
51 48
121 37
114 36
115 103
148 85
28 100
133 56
107 125
103 55
87 122
26 143
139 134
40 102
132 86
95 96
117 83
129 113
86 129
88 98
146 121
79 74
106 61
110 140
8 63
87 148
65 25
105 69
15 60
24 67
72 32
137 99
132 124
131 61
148 115
49 116
151 60
148 68
66 35
121 104
151 8
143 103
74 83
149 108
94 60
119 57
131 149
110 60
66 113
145 4
86 70
108 30
142 95
63 11
106 148
100 106
110 136
40 35
85 25
65 47
148 82
130 14
120 107
117 32
45 47
68 127
82 142
103 145
124 139
50 65
131 130
149 54
126 11
143 69
144 129
96 56
136 125
65 36
53 104
133 42
134 12
109 122
134 31
61 122
57 110
69 107
85 111
114 58
115 67
94 117
111 106
86 42
127 72
110 61
129 27
53 103
85 146
60 40
98 84
130 57
121 114
56 84
152 119
136 122
72 80
128 5
143 2
140 145
99 84
64 8
57 44
133 145
23 79
79 66
113 116
51 36
86 70
56 2
43 46
88 44
100 71
84 119
34 150
101 70
109 72
134 143
60 126
135 116
140 111
71 114
105 108
128 7
56 142
18 49
92 53
88 119
63 2
87 92
150 126
83 128
151 47
119 118
42 130
50 25
84 61
108 24
57 118
95 49
131 23
85 26
62 13
97 0
129 31
117 94
26 83
146 85
141 136
131 65
124 66
132 76
77 31
140 42
141 134
118 20
87 132
65 12
80 139
132 0
115 33
137 108
152 124
32 121
151 149
120 70
112 86
97 128
149 41
148 130
54 57
126 76
58 111
65 95
77 113
134 143
27 22
84 70
122 151
118 10
103 51
90 64
116 59
15 78
139 29
122 28
133 59
28 37
109 91
47 4
94 115
85 51
114 2
49 85
70 73
58 103
147 38
26 93
123 22
48 41
91 80
121 86
78 131
59 57
20 148
100 112
144 19
107 72
136 143
116 0
106 144
46 136
146 27
57 37
80 9
27 52
66 98
87 135
126 35
121 144
147 141
39 18
103 65
143 86
59 41
66 24
145 88
82 27
119 110
108 139
86 67
101 102
95 3
102 66
113 100
139 35
146 63
118 98
146 152
61 60
89 18
126 34
81 90
30 49
89 67
71 109
143 96
33 87
65 42
34 124
115 7
120 41
135 113
99 35
110 102
101 67
124 71
104 123
101 72
136 33
91 84
148 143
16 122
85 131
125 49
144 136
98 93
30 16
118 13
89 40
47 47
106 76
145 63
52 118
148 113
136 51
43 133
148 21
80 6
113 142
136 150
36 36
140 24
29 138
113 138
60 89
135 62
63 71
146 74
151 89
108 138
144 55
83 61
113 56
113 63
44 137
104 84
65 147
88 77
32 115
89 72
41 138
141 146
84 142
89 3
117 2
25 53
119 73
138 152
135 80
146 99
110 31
83 94
150 33
150 9
23 73
60 28
105 91
142 129
50 97
122 146
54 148
36 10
145 3
97 90
104 143
115 121
85 125
120 80
75 149
41 98
138 104
150 87
80 107
113 121
59 6
141 67
130 4
127 12
137 117
62 56
126 145
103 19
66 87
96 48
28 127
127 87
18 66
61 0
145 45
119 50
110 138
148 108
72 121
67 6
83 98
123 77
93 138
55 89
142 11
142 52
124 33
53 80
147 142
112 62
112 149
96 76
151 16
59 7
40 128
13 36
57 92
109 73
121 51
125 29
111 26
116 106
68 79
145 117
107 116
90 38
39 125
134 16
27 25
13 112
121 3
145 50
67 126
146 107
114 60
141 120
124 136
31 54
84 29
110 151
148 108
109 19
101 90
74 110
29 106
133 97
67 78
126 81
131 30
65 65
40 111
42 63
116 46
131 127
147 116
151 84
93 72
92 130
121 152
7 87
102 25
43 58
89 18
35 50
135 125
148 134
137 23
15 32
99 107
120 130
111 95
40 150
84 149
44 94
130 151
124 53
140 61
124 1
62 95
24 30
147 46
104 147
152 100
84 15
57 143
131 5
135 72
79 145
148 142
98 2
73 141
145 79
40 113
103 89
23 55
76 128
82 58
73 32
130 99
25 13
38 28
147 69
103 145
79 66
63 17
135 111
149 77
115 6
69 57
146 120
141 79
75 48
69 9
150 77
138 62
102 52
71 61
111 12
122 20
52 42
117 126
143 51
148 50
106 43
126 53
80 24
145 61
102 144
86 86
121 109
101 75
91 77
59 137
78 93
12 13
48 129
85 6
89 144
88 116
40 55
135 4
27 16
104 28
99 9
150 61
54 17
111 44
129 0
83 57
150 18
68 33
67 112
139 113
58 143
143 70
145 55
66 38
30 43
138 36
100 2
91 38
140 52
114 72
110 75
53 100
124 28
127 30
81 136
137 111
38 140
99 106
76 123
116 121
50 59
137 146
82 151
145 133
51 105
93 132
96 19
83 106
114 43
145 87
128 44
47 63
117 120
125 97
100 113
141 104
129 63
145 58
76 34
63 75
142 109
46 136
46 43
132 150
48 128
126 10
148 84
97 30
109 125
135 108
138 140
108 139
66 89
74 56
97 90
76 141
121 91
90 28
105 26
128 140
90 44
121 79
136 134
72 49
138 148
145 143
138 131
124 9
137 34
96 43
43 143
145 147
127 130
130 11
140 27
137 110
122 0
61 150
105 29
71 1
29 109
100 108
27 27
101 91
106 1
59 33
102 105
95 48
110 7
137 40
105 115
72 78
102 118
92 117
41 108
111 71
65 88
101 118
109 54
150 30
126 88
90 132
132 19
104 90
121 31
105 10
76 29
80 79
139 47
117 145
134 33
56 118
134 31
143 15
102 81
8 12
132 73
65 150
115 134
73 75
90 131
141 126
113 45
112 128
85 112
102 30
151 136
152 5
50 107
85 117
150 34
118 78
123 147
110 27
84 100
152 29
30 94
104 117
81 54
142 98
114 100
125 44
79 65
31 134
131 145
135 58
148 52
147 39
112 0
148 9
28 30
113 138
118 130
138 96
17 109
133 65
95 1
130 30
35 101
59 15
124 146
117 150
124 132
83 102
146 63
135 61
107 86
73 60
151 93
103 5
68 32
145 1
66 116
145 68
121 46
52 132
96 77
149 80
21 85
61 96
47 124
69 95
90 133
31 69
135 149
79 51
146 101
148 41
145 8
34 128
124 30
130 36
93 36
26 101
149 138
139 90
87 28
104 21
82 70
83 41
95 88
23 79
136 105
43 106
45 73
110 57
132 0
130 79
102 31
98 64
152 83
84 65
148 72
138 97
109 32
66 148
140 59
88 119
111 115
144 105
35 146
72 137
119 84
112 55
142 109
112 71
110 69
40 104
109 58
136 53
96 5
147 69
144 95
149 69
98 31
71 142
75 116
136 16
120 23
76 123
128 69
106 91
75 104
90 34
123 137
8 48
20 120
152 105
110 48
24 85
124 5
89 41
108 96
122 33
119 53
73 6
134 114
85 64
87 150
61 15
124 103
88 109
129 131
22 136
139 47
150 110
113 92
98 152
114 142
109 121
85 119
53 143
109 82
61 127
68 94
104 117
21 150
140 42
115 39
49 86
102 41
142 141
133 17
138 132
86 50
144 120
66 134
112 11
151 105
122 49
85 136
4 75
107 18
54 38
96 77
118 143
41 40
81 55
134 70
71 18
110 78
129 105
90 97
32 56
120 60
152 81
105 118
61 77
66 17
129 21
148 118
141 69
112 48
138 13
135 97
58 79
111 38
140 130
47 81
106 41
121 104
69 112
142 60
149 137
137 120
16 109
83 146
25 34
44 104
78 24
130 89
44 12
145 10
64 22
119 125
102 114
80 100
124 133
63 133
118 141
110 127
102 140
85 62
151 18
77 19
102 48
131 50
119 51
138 86
134 6
129 101
63 82
105 102
81 62
130 67
139 129
59 16
74 124
136 21
124 128
112 146
126 5
26 137
79 141
90 36
42 1
132 56
109 26
75 129
100 90
137 127
113 41
61 31
26 55
94 122
132 112
107 46
93 89
113 61
84 129
101 98
124 18
123 85
79 129
145 69
114 42
45 83
136 73
105 111
105 112
134 39
144 15
151 114
129 37
132 68
129 56
123 124
137 110
70 37
73 75
135 133
67 74
122 96
147 6
87 11
124 80
144 118
27 53
152 140
144 69
137 81
49 118
145 2
106 85
22 94
62 123
126 69
133 75
125 46
141 120
124 86
152 141
12 50
138 0
103 119
147 139
102 4
138 92
133 71
45 94
80 2
108 133
97 31
135 90
90 110
61 22
86 129
99 117
130 26
105 62
85 59
145 145
138 87
82 65
40 138
83 19
61 84
106 77
81 50
139 128
129 102
62 114
77 96
68 132
141 10
109 5
112 11
81 100
141 62
133 21
114 9
47 76
102 2
152 67
15 19
125 152
69 107
84 18
74 131
152 31
128 114
52 0
92 6
140 133
90 23
134 51
76 12
56 64
143 120
152 127
84 71
141 22
150 97
151 44
84 86
17 51
115 12
145 136
143 106
135 36
79 28
147 56
143 136
87 131
59 54
106 3
134 113
135 69
47 49
98 80
83 54
129 49
142 32
138 41
66 150
64 68
125 62
123 52
68 144
114 38
139 6
123 87
104 15
55 0
15 107
148 3
128 16
131 16
103 36
122 43
98 46
64 21
134 45
131 139
62 120
83 79
19 33
92 72
45 27
74 20
102 111
19 114
145 128
98 143
130 116
122 73
132 117
119 32
91 75
8 143
134 16
117 23
113 4
120 143
126 52
118 28
118 81
129 120
88 152
99 107
24 81
137 119
105 28
107 49
146 107
132 91
112 95
106 39
43 94
130 65
57 129
146 150
68 5
100 24
102 123
119 12
67 42
130 59
149 7
147 80
121 140
56 17
97 140
43 27
35 29
130 120
133 89
41 90
62 124
143 59
60 138
70 55
37 90
80 134
116 118
142 24
147 43
134 124
83 71
92 28
116 8
88 3
131 88
119 103
128 77
86 131
59 4
112 50
55 32
97 71
82 50
95 73
136 90
137 89
141 70
130 41
146 39
110 115
148 4
147 1
121 48
60 100
140 46
60 39
143 1
139 132
83 82
72 64
42 7
81 28
127 123
115 35
121 79
131 0
150 59
87 148
143 118
138 102
100 15
149 146
141 18
92 80
134 140
87 125
107 106
146 145
132 47
67 35
94 133
82 134
82 111
95 6
137 101
56 13
126 1
89 110
33 86
141 34
117 6
117 78
131 36
107 64
81 33
119 121
113 114
140 93
128 56
52 60
149 132
136 68
120 90
139 43
103 36
137 102
96 7
120 17
96 65
145 107
123 0
92 127
129 62
148 117
68 58
127 25
70 69
86 68
111 32
98 25
119 58
127 65
140 77
149 112
97 14
141 115
73 120
152 73
56 59
131 81
45 98
104 30
124 49
109 130
56 122
104 38
101 48
99 1
88 115
94 133
137 32
9 35
117 21
120 28
141 11
104 48
37 39
105 90
103 32
38 20
105 125
38 36
151 140
135 36
104 139
134 38
79 107
98 131
149 115
139 132
112 68
90 92
139 10
97 55
39 118
96 147
88 5
118 27
136 52
143 130
104 31
139 150
47 62
54 122
55 111
27 61
139 150
141 24
87 96
134 129
87 60
78 64
149 76
127 67
135 75
99 112
103 45
152 61
132 70
52 122
149 116
31 57
40 52
130 146
72 133
37 109
150 38
91 29
133 110
112 137
136 83
145 89
134 34
141 27
141 62
111 46
132 37
98 61
122 30
130 128
90 57
107 116
136 75
99 39
101 49
124 105
137 90
105 20
89 143
115 58
101 36
62 49
127 133
79 87
106 144
141 132
111 150
112 151
133 45
118 83
53 136
131 83
146 127
113 122
27 69
28 48
49 37
84 80
117 5
119 146
30 43
48 93
108 70
124 55
88 103
95 111
72 46
120 75
42 60
47 91
145 39
113 100
100 61
105 74
129 86
106 134
135 141
115 30
151 35
134 111
136 56
133 80
56 93
83 85
96 110
72 136
108 20
114 43
64 140
142 10
139 75
46 114
112 126
102 46
147 9
77 3
110 59
68 91
101 71
73 10
133 127
103 61
114 115
68 56
112 86
93 105
35 51
66 29
83 41
135 133
142 129
114 130
102 83
77 7
63 95
124 38
130 115
115 15
135 31
137 105
67 25
51 39
123 103
116 125
137 82
76 51
138 19
36 68
124 38
91 112
118 63
63 113
108 86
143 89
71 149
38 121
103 92
44 12
72 28
61 54
126 113
124 63
93 66
92 1
81 81
152 33
95 30
81 100
129 106
145 12
46 88
92 79
149 88
133 23
84 68
145 87
93 60
127 116
74 114
108 94
121 28
121 45
115 136
120 52
82 37
142 2
152 129
98 0
121 9
98 54
108 93
65 36
138 121
147 50
104 96
130 8
84 138
130 85
48 17
89 65
81 114
150 125
70 11
60 28
132 21
147 150
151 75
139 10
112 126
101 102
127 62
122 112
133 66
86 28
89 81
101 44
91 87
134 6
72 2
107 74
150 57
122 81
96 118
92 88
108 85
135 80
137 137
80 62
143 63
60 58
89 141
72 19
136 33
136 40
150 120
127 72
112 142
123 64
29 23
91 122
142 71
150 40
31 148
150 137
130 34
138 43
40 91
33 81
92 66
98 75
148 61
128 52
133 21
108 39
56 72
121 91
67 105
107 10
54 34
127 121
131 5
128 90
81 99
147 146
123 104
104 49
140 103
112 86
120 130
21 22
133 107
72 77
97 62
134 32
66 33
148 67
49 140
19 109
110 48
111 116
69 85
60 106
28 7
92 10
32 102
64 152
130 20
93 126
83 81
41 73
31 80
91 117
101 14
37 95
132 84
115 31
136 72
93 128
150 5
83 137
34 148
71 17
111 144
144 109
81 110
57 114
87 117
104 141
139 17
8 50
87 30
106 70
95 97
45 78
116 146
83 49
116 70
125 23
82 8
106 142
143 112
104 106
127 141
151 91
149 58
36 120
124 87
100 147
117 30
119 97
151 105
50 68
99 147
116 62
75 129
139 60
68 148
101 43
42 99
84 81
107 20
52 104
113 37
50 111
119 44
93 105
85 111
122 100
78 44
148 123
133 27
137 87
17 126
24 146
76 77
99 10
91 112
141 55
97 79
103 93
17 22
51 61
87 125
146 85
52 90
133 34
125 133
132 63
112 61
85 108
92 13
59 12
150 45
76 87
147 129
96 85
8 140
32 21
130 15
134 74
91 67
75 15
43 101
147 44
131 75
35 137
136 38
90 110
108 87
41 110
82 42
79 20
77 83
149 22
125 90
125 73
118 96
56 38
69 125
110 141
34 48
139 38
98 93
137 135
94 101
117 112
107 50
90 1
120 123
113 91
105 132
135 52
118 152
82 78
62 73
74 71
135 93
91 80
149 84
61 136
103 133
83 124
36 94
58 41
69 134
94 126
92 35
123 93
123 149
135 48
138 43
93 22
114 110
119 5
71 136
101 55
143 31
108 145
36 70
120 151
97 104
142 114
96 37
87 110
98 8
18 152
47 0
143 133
116 28
100 142
145 112
95 8
89 83
122 95
126 142
145 94
105 21
86 39
140 85
115 126
24 53
87 102
106 115
65 138
106 69
98 11
105 137
48 59
138 35
73 116
148 100
53 25
38 52
131 122
143 89
140 98
129 19
130 30
27 63
79 134
114 70
114 56
60 67
130 64
139 8
82 70
117 113
117 12
65 143
151 135
74 57
93 27
117 7
117 10
127 41
99 60
150 32
120 46
73 74
97 44
103 99
75 79
85 58
132 2
103 110
24 128
130 122
117 18
62 86
119 131
67 65
139 108
54 102
84 53
113 43
131 106
132 59
50 84
94 132
135 10
142 88
100 138
73 111
15 134
103 81
45 16
140 97
53 111
107 36
96 120
90 94
74 53
152 105
141 77
90 46
90 116
123 4
56 98
147 78
140 115
111 9
113 88
137 91
138 115
128 112
64 110
119 36
73 70
125 125
107 51
21 10
85 63
137 131
104 26
133 90
29 79
151 125
135 59
66 48
44 46
132 70
88 124
152 76
127 145
71 72
47 114
125 111
106 89
70 102
117 84
55 2
110 32
101 33
131 123
104 122
49 100
143 131
123 89
54 32
69 151
115 46
134 22
88 26
83 23
152 23
112 86
122 5
127 103
84 30
138 127
105 87
130 5
107 150
136 43
110 5
94 44
127 71
127 77
84 61
116 54
95 96
106 51
117 149
152 34
61 130
128 121
68 4
65 132
64 120
149 73
135 46
134 88
54 45
92 70
111 64
149 116
152 29
140 85
145 127
129 148
115 80
138 125
84 48
134 119
37 46
130 39
53 113
85 124
146 29
126 47
152 127
133 18
146 137
80 74
24 66
113 9
152 147
150 64
118 2
103 150
128 127
137 43
107 4
113 86
112 109
109 77
126 72
140 113
114 60
127 30
142 125
95 16
101 134
80 49
36 63
115 20
67 32
148 50
117 1
41 127
115 133
127 77
91 48
73 32
87 111
121 108
34 32
110 150
99 131
59 43
79 130
120 15
38 64
114 69
102 114
126 114
94 52
129 139
100 83
63 100
132 117
131 56
134 73
89 69
108 82
94 24
138 115
130 20
112 7
92 94
115 23
131 42
114 101
67 137
117 11
120 110
68 68
117 45
141 141
102 105
142 139
140 89
16 67
84 83
117 0
120 14
18 12
117 8
110 43
134 152
89 8
57 142
91 120
108 117
146 104
76 3
49 91
142 69
78 46
96 110
143 86
39 102
44 14
116 98
31 141
119 7
37 62
118 80
90 91
147 16
140 109
99 105
138 66
110 95
87 47
116 147
128 67
108 147
136 26
124 96
139 145
43 38
112 140
140 69
53 38
86 9
99 3
112 114
138 64
111 118
41 21
99 3
145 89
121 27
127 62
3 73
130 68
133 53
143 85
94 14
66 75
91 42
107 131
57 30
88 144
149 126
112 24
124 88
118 66
115 60
152 150
112 60
145 51
149 152
142 46
110 85
45 48
151 121
94 66
97 67
152 35
125 28
83 47
99 30
97 5
112 0
115 86
67 36
17 121
118 147
132 66
103 16
139 89
149 133
113 16
67 43
108 109
148 79
146 70
76 25
144 17
149 99
100 150
120 0
35 12
124 137
93 34
67 89
131 136
132 135
102 147
60 16
149 151
107 126
152 29
114 33
151 11
40 122
94 76
92 132
21 62
82 77
76 97
26 70
96 10
62 150
87 39
86 90
128 139
102 54
134 65
62 87
130 16
152 104
52 85
118 37
100 99
94 79
120 73
42 55
61 82
92 52
40 111
89 126
148 2
113 123
108 82
70 147
122 82
94 87
114 96
61 34
87 40
126 96
128 139
64 51
120 59
151 126
116 105
136 20
51 28
49 100
86 17
128 58
78 71
144 76
75 85
127 83
108 138
111 93
117 124
146 98
88 94
53 124
104 3
135 28
149 88
108 28
56 69
72 47
152 69
70 7
141 56
99 7
77 93
151 13
82 69
146 15
138 70
43 143
127 139
82 0
42 109
146 107
91 25
88 100
143 21
128 144
139 34
44 63
140 131
93 108
104 136
134 54
134 11
115 136
62 90
120 31
69 70
110 9
152 51
150 18
82 90
82 103
71 76
144 120
58 117
48 52
76 129
128 101
150 0
109 53
84 90
70 42
85 83
128 97
78 133
75 129
123 15
106 34
103 131
67 2
23 99
151 121
48 41
81 42
60 99
151 4
145 18
63 151
96 16
99 89
140 95
101 134
47 109
112 54
85 126
141 13
39 120
138 83
147 62
139 78
121 63
65 47
102 137
106 131
143 132
122 138
139 98
56 110
133 139
139 59
122 143
41 134
131 99
149 118
138 7
63 106
120 136
135 60
77 83
91 73
112 127
85 136
91 42
18 139
70 130
15 148
150 30
124 136
147 131
77 104
81 42
95 31
34 30
55 66
133 40
144 7
152 14
124 83
113 81
145 136
39 117
143 27
135 127
145 49
39 43
137 147
150 47
139 3
129 49
28 112
101 33
115 19
60 75
115 105
123 102
133 140
128 124
138 107
127 65
134 108
76 109
82 141
107 74
91 89
37 81
92 77
76 35
58 43
66 34
96 126
65 89
118 126
147 143
133 61
110 120
134 27
148 70
139 14
142 142
121 13
107 29
136 49
57 115
112 11
129 45
104 20
119 98
86 101
71 78
46 34
152 94
89 140
16 75
150 49
37 110
130 90
46 137
120 78
152 7
140 145
130 33
136 146
63 17
78 122
100 63
82 83
134 133
119 127
97 111
128 128
152 79
144 90
101 53
148 146
114 49
144 26
120 150
93 43
138 29
133 117
108 109
102 64
23 55
130 74
54 135
26 140
101 128
147 51
152 29
38 20
149 26
69 111
120 112
111 27
86 123
129 2
94 75
102 16
99 65
115 55
111 138
111 84
77 144
102 47
100 12
117 66
150 150
92 70
114 82
2 116
62 95
147 93
29 140
119 36
74 71
150 58
77 141
99 73
20 126
130 61
124 114
143 49
94 58
146 148
122 44
118 136
26 116
45 33
93 113
138 18
81 123
76 11
113 134
68 18
152 40
30 47
143 68
129 151
119 46
79 150
150 146
150 20
147 123
114 136
124 64
54 100
126 2
128 5
85 57
125 47
103 9
87 104
143 52
1 44
63 130
116 116
147 33
19 152
86 62
138 107
132 3
95 24
107 47
135 150
83 7
136 31
123 23
101 132
113 90
144 136
152 76
148 127
134 85
120 93
151 27
134 110
143 142
149 20
93 100
116 32
112 23
60 67
37 94
130 30
123 12
139 125
48 142
136 98
123 71
149 55
141 28
41 90
45 72
57 141
117 2
106 123
116 77
62 149
89 82
43 123
123 128
152 95
129 62
126 12
129 122
48 75
114 59
58 43
126 151
16 3
109 145
57 138
144 129
37 68
94 106
96 80
126 21
43 73
130 128
144 79
40 130
138 4
110 88
56 1
120 117
110 30
133 74
88 16
100 26
150 123
19 85
74 96
108 47
102 9
43 36
84 107
61 96
94 124
135 147
141 7
119 84
75 21
132 87
120 144
39 133
124 12
90 106
125 35
129 101
104 25
61 89
142 85
151 46
119 151
66 41
146 137
69 102
137 13
43 42
116 126
139 54
119 140
92 124
99 37
73 64
113 143
33 102
44 130
93 123
99 29
118 41
132 80
112 35
133 144
41 30
142 47
42 123
135 75
136 66
130 40
95 20
62 26
105 25
143 11
80 123
150 141
114 119
129 98
109 101
109 27
111 0
131 26
104 122
129 15
112 134
136 67
127 78
84 135
127 52
138 63
77 126
152 27
96 107
53 45
116 71
147 17
59 149
93 125
111 16
84 28
152 104
148 126
79 9
102 73
135 23
71 138
107 151
21 2
101 63
122 145
64 66
87 79
124 144
74 13
144 96
87 81
128 11
58 107
108 136
142 122
70 85
99 49
55 123
26 18
115 82
71 120
129 132
150 61
77 21
9 46
110 135
128 44
135 131
124 84
127 46
60 25
120 47
106 127
93 51
29 68
45 37
145 96
117 102
116 148
128 42
98 120
100 121
53 61
130 136
74 81
90 72
43 142
129 11
85 33
135 64
91 52
64 65
88 145
61 58
130 85
148 116
27 127
135 148
126 62
60 63
148 28
115 109
138 144
101 26
121 15
124 22
116 2
147 39
146 125
92 133
131 109
100 22
117 78
69 108
99 62
112 141
79 50
143 145
102 98
43 31
