100 465
28 360
281 269
43 318
155 200
227 150
390 60
106 396
64 204
290 425
125 337
398 253
283 124
136 479
187 329
40 72
417 331
21 48
118 238
331 127
87 213
311 137
386 101
89 368
156 464
31 317
371 470
145 233
214 399
278 261
431 408
365 338
215 150
296 48
191 437
449 373
375 324
263 4
161 335
179 2
21 296
184 347
319 212
170 13
162 409
221 477
379 54
144 369
309 433
400 184
92 109
103 188
107 203
138 14
272 366
44 300
278 331
448 0
372 35
13 255
141 264
412 386
347 242
23 239
445 134
327 311
310 438
467 128
381 98
452 175
238 254
171 145
251 74
334 110
450 309
269 95
277 175
76 219
370 181
39 244
352 438
391 17
37 105
104 169
75 177
72 363
221 191
322 195
121 42
146 25
427 129
358 285
459 10
457 213
104 57
278 165
447 481
149 439
433 432
235 221
442 212
280 351
239 267
268 451
54 38
318 419
387 243
242 143
384 471
349 338
388 459
43 205
143 155
477 466
199 108
354 479
66 92
319 448
473 249
265 179
228 289
331 261
137 179
120 415
390 338
202 137
226 339
424 315
57 7
320 39
29 110
236 212
117 124
11 378
100 135
260 140
244 148
193 389
222 83
291 59
85 121
342 266
214 327
466 369
465 160
451 256
326 35
179 153
308 7
243 334
18 259
166 294
328 233
305 71
257 11
69 247
260 475
21 316
333 396
198 346
313 318
165 261
208 2
201 370
204 63
49 302
414 238
291 268
165 378
303 53
120 18
338 115
190 423
128 457
217 129
454 322
300 34
108 262
294 219
97 227
341 32
0 368
476 56
244 423
321 23
231 449
183 21
422 289
397 398
42 177
299 92
435 391
428 392
389 104
73 104
360 201
358 247
460 402
65 203
109 347
408 436
26 12
230 244
481 385
473 281
478 290
399 202
154 64
344 449
116 43
2 153
446 214
180 15
309 416
135 161
404 239
188 324
249 95
308 287
267 170
0 10
346 76
440 229
368 206
59 451
88 37
346 58
166 353
305 100
321 220
345 278
245 118
262 224
286 211
111 69
126 220
229 301
188 31
285 83
453 426
36 348
137 208
169 11
341 480
39 148
363 221
338 27
417 423
177 6
288 416
78 365
232 114
462 298
81 307
194 68
227 215
450 252
127 387
312 279
38 84
135 453
430 327
476 299
44 34
232 428
350 245
225 271
349 143
263 55
268 462
61 251
64 392
453 335
208 179
219 337
77 446
154 380
150 100
353 76
422 94
403 29
390 357
194 295
334 197
302 86
150 465
56 328
55 176
19 143
241 4
421 359
422 307
281 208
146 381
153 246
250 236
463 355
198 58
62 329
363 477
19 155
406 38
24 398
190 244
100 453
50 3
406 54
295 68
401 25
229 111
160 426
221 340
91 394
362 118
59 268
58 433
99 13
12 6
430 275
459 123
67 418
108 474
107 303
247 222
395 59
193 104
191 466
408 321
241 146
234 183
205 17
0 206
409 112
472 99
466 22
66 439
244 139
252 288
471 339
411 325
206 180
330 409
107 440
336 265
330 188
386 66
298 162
198 168
34 474
427 164
202 265
235 340
109 184
457 87
419 17
73 57
325 383
167 369
127 120
289 283
474 43
409 31
286 198
173 107
124 130
218 408
257 345
321 126
134 354
116 313
228 131
150 282
440 301
200 312
42 12
360 296
104 257
57 276
174 144
439 122
293 297
82 26
73 308
399 140
237 149
223 50
261 120
434 98
50 150
265 229
17 8
94 117
158 379
183 147
143 27
128 225
376 193
65 464
155 280
356 64
60 467
116 318
15 16
113 236
380 64
348 248
172 116
481 257
427 84
8 71
42 75
382 277
311 178
441 121
58 76
249 384
297 362
186 62
337 476
84 164
419 8
195 375
376 447
113 237
55 481
201 462
65 429
462 162
340 437
269 292
9 171
203 303
449 29
266 36
467 355
149 66
63 121
82 411
131 289
281 292
31 80
178 281
53 358
157 62
262 97
370 182
248 24
71 79
464 455
365 390
361 343
274 281
472 13
79 367
368 418
178 137
249 269
307 382
148 139
285 222
170 454
168 450
125 101
209 5
78 242
225 457
185 40
22 470
282 465
6 406
74 231
380 72
273 478
363 174
186 187
436 404
441 167
403 110
38 427
377 155
385 345
108 258
180 463
368 67
237 236
255 322
27 115
53 37
1 395
253 160
56 374
245 414
168 309
367 234
162 482
315 221
49 469
280 312
473 269
213 273
425 210
61 271
132 420
284 272
68 266
423 139
175 397
71 161
282 160
27 284
11 70
475 107
377 200
161 234
395 38
323 417
437 367
202 336
463 320
74 393
306 451
289 295
206 45
479 424
63 85
234 5
157 186
452 223
392 63
28 141
414 99
15 463
315 235
205 391
92 374
385 323
12 177
279 32
320 355
112 80
403 334
262 435
176 364
328 52
34 43
366 87
103 324
213 431
436 23
301 69
311 202
468 473
45 15
396 81
409 80
40 424
421 446
101 66
325 12
138 401
355 61
470 147
35 386
369 371
437 79
429 53
174 441
288 91
147 21
469 302
349 27
175 130
173 233
168 58
359 216
212 122
102 223
373 425
240 327
458 380
223 3
343 447
277 117
83 154
95 132
114 428
443 384
388 0
35 412
295 283
284 351
357 467
135 335
121 75
435 205
153 136
7 276
425 245
256 330
461 91
404 425
265 111
133 330
351 366
85 26
477 191
338 357
316 48
434 230
476 410
279 341
448 388
216 260
264 268
9 145
380 204
480 85
421 216
252 461
232 356
203 53
400 456
335 209
215 305
90 241
122 304
241 263
386 149
3 253
446 399
127 119
111 153
14 146
392 85
54 217
51 214
6 1
456 67
344 273
16 320
115 284
275 274
438 141
10 206
122 89
191 22
48 181
90 14
204 441
25 434
219 125
75 352
275 473
93 352
261 96
318 235
417 127
34 116
330 31
123 45
79 234
62 138
469 86
256 409
412 237
431 478
273 290
383 406
304 0
45 33
152 142
446 216
204 174
455 19
178 208
141 201
404 210
296 181
114 279
10 45
222 458
209 20
171 173
19 377
231 29
187 207
64 63
382 314
230 190
397 3
110 293
192 460
163 68
356 392
429 88
340 191
224 215
353 219
142 258
355 405
307 277
138 123
1 291
5 151
206 418
243 197
267 472
58 309
139 119
51 240
176 323
304 368
246 136
396 307
379 170
283 46
203 429
88 377
243 259
190 417
68 46
119 387
236 442
149 442
47 184
143 280
62 459
435 224
39 405
226 469
352 291
239 472
37 285
381 364
217 454
233 203
306 133
292 132
101 299
220 158
210 99
465 426
477 144
471 199
153 134
416 394
43 435
256 162
478 436
8 79
132 44
367 183
236 319
179 111
158 54
264 201
55 385
16 230
120 387
207 90
393 243
164 375
456 365
197 293
306 84
54 427
170 217
72 174
174 477
374 52
299 374
77 51
246 332
480 82
434 16
60 357
142 314
96 415
432 410
29 350
87 431
472 170
70 378
228 422
371 28
205 419
274 178
40 380
134 136
121 167
37 377
328 65
298 482
271 344
372 412
74 403
455 88
270 218
341 82
33 15
346 353
313 315
451 330
199 152
51 446
399 311
457 271
300 474
284 366
393 334
9 410
258 97
345 165
454 255
140 475
187 90
154 356
410 328
192 30
156 455
117 175
123 33
208 292
161 209
376 389
184 78
76 433
339 199
302 81
383 6
282 253
428 480
86 152
482 112
464 429
291 264
364 190
418 390
407 408
81 142
105 200
478 404
394 9
326 294
272 457
439 47
145 173
133 188
175 223
337 101
133 103
302 396
407 431
460 388
428 341
144 167
294 125
11 165
431 436
445 172
75 93
301 247
110 297
276 70
479 315
433 416
189 476
358 222
444 113
408 23
212 448
103 375
442 122
382 452
458 40
97 102
105 232
387 259
71 135
117 130
35 125
423 119
298 182
319 460
437 22
411 321
272 87
410 145
453 413
167 93
31 41
86 81
332 185
230 39
109 156
99 254
220 379
130 248
370 298
397 24
173 475
222 154
240 214
52 156
474 435
3 282
22 371
245 362
224 391
268 256
445 44
90 146
80 41
167 75
219 189
331 120
420 199
290 404
86 142
225 61
67 390
436 239
76 189
315 363
420 300
25 98
12 383
91 359
257 169
327 178
46 36
301 358
433 189
438 291
223 397
128 272
384 95
287 7
481 345
57 169
49 333
313 235
258 314
25 381
468 249
264 462
377 105
439 400
405 148
410 56
372 444
157 402
72 204
339 86
392 480
352 1
407 218
277 452
212 304
26 325
250 319
470 183
46 348
119 243
126 383
188 317
194 163
447 55
283 117
378 96
137 265
448 304
29 373
411 126
259 197
327 274
353 294
231 403
56 52
402 62
452 102
114 341
329 138
267 379
52 464
44 172
69 332
8 437
14 401
129 164
26 42
47 400
82 325
4 55
207 241
304 89
240 430
458 154
260 173
416 9
92 47
329 90
405 61
192 319
359 171
210 472
63 441
261 415
474 262
140 202
395 306
164 195
207 361
110 350
4 381
196 249
172 34
371 310
387 18
347 455
139 393
361 263
461 421
218 321
369 93
294 35
95 471
125 386
332 40
186 329
53 285
145 328
77 421
336 440
200 232
332 458
32 218
224 227
307 94
354 313
87 407
60 463
461 77
182 482
335 413
251 344
312 114
211 166
102 227
105 83
69 246
81 382
351 270
344 231
270 32
479 313
84 103
469 339
1 59
292 2
237 442
216 399
355 225
309 288
413 20
414 118
209 151
94 283
480 26
449 290
420 44
308 57
374 109
129 322
324 317
475 440
146 4
442 439
23 267
337 299
246 185
450 288
52 65
132 445
416 432
15 320
239 210
350 297
184 456
350 362
142 382
364 417
325 126
275 468
83 232
38 306
17 71
339 152
270 407
46 124
419 340
227 50
185 479
345 11
229 69
148 74
310 28
164 103
426 413
98 364
124 248
288 394
147 360
430 274
393 403
3 398
140 336
97 224
317 41
286 346
391 305
425 414
139 74
213 478
364 323
136 185
2 134
159 226
412 149
357 128
183 5
20 151
59 306
158 406
189 337
13 254
61 344
171 260
218 411
148 251
366 270
141 360
6 395
292 445
424 72
441 144
2 445
360 370
314 102
32 82
456 78
279 270
365 349
424 363
130 24
94 277
418 180
263 447
30 157
134 172
165 96
252 91
93 438
354 116
381 176
251 231
113 250
258 262
30 402
310 141
318 205
152 108
470 28
10 123
303 301
106 228
235 419
300 108
323 331
467 225
250 192
124 348
177 352
359 260
17 305
369 310
429 37
312 351
463 467
180 60
285 105
400 89
126 158
102 50
299 56
98 230
451 133
454 129
361 241
465 453
336 229
385 278
211 346
220 267
343 376
123 401
4 176
119 393
432 476
115 272
152 258
366 407
242 19
111 246
159 49
440 303
216 140
22 367
444 237
459 138
151 316
85 42
247 458
88 19
271 273
401 33
466 371
290 373
169 70
28 147
335 20
68 36
303 358
402 459
93 310
314 97
468 196
269 132
351 279
394 171
333 106
401 434
373 245
247 332
323 278
177 1
455 242
373 350
391 215
200 114
379 217
271 213
444 412
30 460
201 298
464 88
83 356
289 94
196 384
274 473
130 397
27 280
101 92
67 365
367 470
234 209
333 302
357 115
462 256
242 349
181 182
33 16
84 133
91 421
89 67
334 293
166 326
136 354
162 112
211 353
233 65
45 180
50 282
402 388
144 466
185 424
78 349
394 359
13 454
131 295
273 449
384 226
443 159
106 422
92 193
208 352
415 351
190 332
343 264
152 282
354 140
44 332
285 43
298 11
406 103
291 63
268 69
376 389
201 375
66 315
174 443
172 295
464 16
480 373
302 191
345 292
448 143
103 185
406 367
352 451
170 477
328 261
259 133
44 126
28 478
85 407
63 386
104 285
444 143
464 81
468 470
149 417
62 296
421 334
423 147
9 332
85 481
461 430
331 470
326 380
127 256
320 467
362 247
255 96
73 479
350 179
292 436
32 150
71 141
437 232
333 330
50 8
145 115
263 451
254 178
249 431
303 422
403 77
