344 1
61 0
273 1
355 1
449 0
478 0
29 1
405 1
290 1
110 0
271 1
251 1
334 1
148 0
243 1
457 0
404 1
28 1
210 0
87 1
373 1
99 1
259 0
425 0
141 1
297 1
18 1
480 0
225 1
39 1
366 1
467 0
341 1
293 0
351 1
270 0
60 1
128 1
213 0
421 1
403 1
201 0
298 1
139 1
431 1
414 0
244 1
390 0
365 1
78 1
216 1
436 0
338 1
239 1
260 0
428 1
407 1
162 0
462 1
272 1
147 1
21 0
197 1
242 0
359 1
268 1
387 0
238 1
475 1
440 0
127 1
347 1
394 1
470 0
82 1
393 0
140 1
230 0
143 1
456 1
171 1
183 1
310 0
434 1
232 0
336 1
446 1
85 0
98 1
472 1
202 0
105 1
249 0
22 1
448 1
170 1
364 1
69 0
218 1
67 0
212 1
451 1
381 0
74 1
442 0
237 1
356 1
438 1
284 0
146 1
323 1
265 0
111 1
367 1
439 0
95 1
369 1
292 0
89 1
350 1
280 0
241 1
137 0
281 1
179 1
278 0
263 1
16 1
37 1
83 0
167 1
245 1
471 0
91 1
178 1
429 0
120 1
423 1
25 0
441 1
466 1
144 0
261 1
15 1
66 0
401 1
354 1
214 0
122 1
207 1
267 1
349 0
63 1
377 0
296 1
375 1
181 0
384 1
473 1
379 0
388 1
92 0
285 1
182 1
464 0
331 1
264 1
416 1
252 0
132 1
459 1
408 1
164 0
236 1
231 0
88 1
406 0
4 1
77 1
254 1
279 0
109 1
443 1
190 0
13 1
418 1
118 1
222 0
306 1
402 0
19 1
47 1
187 0
445 1
220 1
328 0
204 1
65 1
450 1
59 0
274 0
45 1
200 1
26 1
30 0
180 1
455 1
114 0
463 1
6 1
392 1
107 0
11 0
291 1
42 1
101 1
79 0
192 1
186 1
174 0
411 1
303 0
32 1
309 1
145 1
374 0
196 1
199 1
316 0
250 1
400 1
360 0
38 1
43 1
319 1
90 0
158 1
479 0
173 1
0 1
233 0
125 1
64 0
157 1
108 1
48 1
311 1
129 0
184 0
150 1
312 1
447 1
203 0
458 1
345 1
104 0
1 1
370 1
56 1
304 0
325 1
96 0
332 1
44 0
371 1
329 1
53 1
191 0
424 1
352 1
10 0
103 1
14 1
395 0
420 1
121 1
134 1
208 0
318 1
33 0
205 1
337 0
362 1
240 1
116 1
235 0
27 1
301 1
380 1
75 0
217 1
9 0
417 1
430 0
246 1
300 1
288 1
427 0
156 1
468 1
399 0
282 1
62 1
165 1
133 0
474 1
361 0
422 1
168 1
247 0
195 1
389 1
258 0
71 1
477 1
221 1
435 0
123 1
340 1
465 0
432 1
269 1
93 0
169 1
153 0
154 1
138 0
358 1
8 1
363 0
73 1
320 1
385 1
50 0
35 1
57 1
426 1
313 0
410 1
176 0
52 1
12 0
460 1
453 1
234 1
433 0
189 1
97 1
34 1
412 0
314 1
185 0
391 1
476 1
51 0
294 1
229 1
219 0
315 1
136 1
3 1
454 0
149 1
415 0
322 1
302 1
161 0
262 1
383 1
58 0
376 1
335 0
84 1
54 1
299 1
275 0
20 1
159 1
326 0
357 1
102 1
307 0
413 1
409 1
155 0
437 1
419 1
81 1
343 0
227 0
115 1
206 1
193 1
40 0
255 1
257 1
368 0
72 1
327 1
386 0
