1120 4487
385 304
4072 2350
3960 2381
2180 1567
3680 4477
2933 2279
4816 218
652 3005
997 747
3234 1303
2741 1154
3025 4714
500 2127
4970 1251
4688 3942
915 296
1777 4215
4412 4112
4440 3719
1979 935
1639 738
4519 1724
8 4157
320 3747
1585 544
1503 775
1949 135
3703 4522
4718 1239
2720 637
759 1837
3030 142
2028 51
4443 4193
2198 2486
3416 2219
1761 2540
2018 1348
4075 1345
3985 4160
6 4261
817 2329
4607 1807
4418 3484
4642 2560
1321 1279
1193 947
2702 3796
625 253
1243 1242
1534 2721
2371 4640
3732 1236
4309 64
1372 1697
16 4718
1230 2230
312 1073
4506 4677
2988 3714
1594 4709
1305 549
4879 3760
4460 1700
4406 1293
246 3728
3152 494
4437 3973
4604 1904
4202 277
1269 139
2062 3523
1024 4700
553 1478
2474 3764
552 761
256 1931
3857 29
3727 3476
3577 479
4676 4754
3866 3279
770 3811
746 2227
2047 2963
634 1970
3734 4996
4537 319
4940 3756
1588 4444
4013 1041
2991 1276
4682 4450
1019 1308
4997 1550
1202 3491
1770 1679
4497 4762
2962 4479
1256 1327
574 2742
10 2262
3723 1269
4463 3328
2492 2964
3116 807
3634 2809
2429 2268
3480 142
2049 1774
2827 8
1409 3850
1141 3963
1755 3949
2127 1873
1308 4151
2265 85
3500 2754
68 4789
3618 2195
1239 4440
4916 3027
1279 531
1264 312
4432 1433
2289 4952
1242 2499
1778 4042
3194 2523
3767 4400
1797 1001
1491 2141
1501 796
2048 4418
3395 2065
4227 1735
627 4127
655 4364
3491 2609
4431 2974
4321 3535
4508 36
625 4960
2291 2408
4228 3742
516 1882
4954 4460
2144 2045
3164 2710
2290 536
1546 4731
1034 2462
4658 2279
895 2504
3478 3310
4610 1506
4160 4588
2990 1772
728 4451
2450 4847
4441 3199
1303 2596
1172 44
2286 4697
1539 724
1736 4519
4895 707
4355 4441
2968 2728
2441 4525
4181 2529
1819 2498
4122 422
3322 1588
2494 67
2642 3799
2187 2450
991 4534
1537 1492
2761 950
403 3935
4987 1178
4739 1380
791 1522
740 3623
2323 2186
2878 710
1538 4963
701 2432
4979 4259
1855 3516
2510 1982
4986 3474
2748 763
257 3261
2830 4260
133 2264
3226 677
3512 755
286 4883
701 1237
1063 3319
3722 3841
4081 695
145 4468
150 176
3003 4786
328 1534
308 1394
4127 4412
4960 1771
1970 4675
1486 1022
1081 760
4871 1747
1488 1750
1348 2396
2039 2245
1445 307
2101 4582
4949 3266
34 4771
2381 4967
148 4716
1597 1089
1985 4949
2119 1796
2945 94
173 140
260 1
1397 528
3998 4714
2138 2217
3770 1547
791 4740
3064 1882
2116 2581
1488 2718
1478 3140
2136 1743
570 1910
2566 2273
4721 497
4696 1181
877 3292
2279 4181
2240 31
2727 262
3374 1579
988 2855
0 1073
3994 4498
559 998
160 1506
2602 2900
3028 4904
4798 4421
1033 1998
4951 2460
642 1712
3088 749
683 4014
1828 1223
1169 2723
1236 4223
3043 4306
4886 34
630 511
4051 2441
4927 2815
4923 2701
1907 3753
517 3995
2192 1109
88 1537
2467 1257
4236 3316
2999 385
4267 3808
4288 1256
1307 745
2335 1606
1011 4186
3262 2042
1547 4750
1765 3978
3778 2575
2378 3917
3033 3454
965 4646
1028 1236
29 2387
1576 3249
3303 4009
4300 3955
800 358
805 4275
22 3131
18 3313
3307 1226
4015 4467
3239 2999
1567 2368
295 1990
2393 3641
1786 2399
3693 372
2778 3526
2329 3511
3358 1267
4200 634
1543 4990
3451 1601
908 176
4949 2702
4792 4804
1804 784
3714 3556
1276 1794
637 3932
4664 868
3031 4684
1135 2201
2080 3199
1694 2527
938 4831
4789 3410
2083 3033
1415 4707
3058 4988
4700 4721
793 548
3046 4214
4871 1523
1753 1551
2986 4146
1261 3972
2354 1387
3829 3580
3728 505
3015 4499
5000 655
4221 3562
3016 3015
3541 1488
1670 3010
1268 1700
1955 740
3445 4972
4693 4642
926 619
3216 4898
4504 444
2287 2004
1460 3224
4503 2733
1649 1876
1239 1816
3853 4810
2717 75
901 3469
316 4175
4036 3452
1922 3023
2587 3786
3497 3689
1522 2783
2228 1792
2977 2465
2845 2243
895 3496
321 2985
4999 2966
4186 1784
3962 4704
2490 334
3055 4493
510 2171
2519 1990
826 3626
4578 1913
569 4981
1813 812
2589 1220
2276 3662
2423 2716
127 3020
2517 2028
1012 3416
4197 3450
296 2136
1636 255
3236 583
586 2254
4191 1481
772 5000
2731 3902
1763 4052
52 4595
3082 262
3248 4920
3706 4558
4730 4490
209 1972
2021 2715
4472 4189
1342 3508
3745 1499
4294 4819
1740 2800
4382 4213
2521 4136
3524 4494
3266 2384
1955 2506
1991 2977
3453 2599
533 3746
1588 4483
2004 4197
4996 4449
4202 4458
2739 2769
1983 1234
707 2921
677 1803
3595 4931
796 983
2011 306
2174 2362
2464 1980
372 2611
508 3215
1078 1822
3513 2263
1310 4027
4263 4892
1270 4789
823 914
3386 4384
956 779
260 2292
1774 1330
4901 4741
247 592
1552 3872
974 2522
3715 3365
4697 2041
1612 2083
2281 4204
1769 364
3986 4339
2763 3249
2506 3817
800 713
4720 741
3182 1759
1238 1501
4471 4688
2627 2471
2569 719
206 4504
2511 1759
4504 3043
2032 1138
1257 4182
4750 4670
2617 987
1723 4352
1972 534
986 382
3416 768
3389 3453
3218 2705
3023 4445
2302 1658
2476 1244
1728 2666
2256 2775
868 3013
1775 3240
4876 3730
2609 2009
3641 2008
2529 3106
1311 2821
2723 4585
3475 1828
324 1567
917 2221
750 306
2532 3608
3434 766
1849 4899
4490 3508
473 716
3029 2537
1796 795
1514 3214
2023 2030
1403 1111
518 2701
2477 2475
565 3248
4427 2539
3704 1151
1547 2542
2280 1779
3945 281
622 2474
4804 3698
2974 2224
926 992
1737 3520
258 3986
528 3853
4966 3460
256 671
4418 2377
4859 1955
1535 4442
1889 2007
3908 1643
1731 206
1042 276
1943 1494
2510 2528
3404 2732
4033 4901
4800 2505
2721 2534
1292 3254
261 1243
787 173
4816 2479
2520 2500
1555 3179
3174 3908
3289 274
1451 801
163 1486
203 3452
3201 2717
2570 3739
2218 748
1532 3994
2705 2417
649 926
1664 3380
69 3487
1018 2138
280 1791
299 2420
1048 1834
2758 1795
3103 4954
2012 3659
3749 3073
560 1928
3917 279
2569 1055
2031 2624
3950 1532
959 2338
3099 3683
1579 2525
2584 571
32 2609
759 586
24 2276
948 4239
4746 4707
476 3513
1339 4968
4270 1250
4475 1465
1508 367
2743 3103
1520 3951
296 2332
1290 163
3502 2246
2040 3754
2497 3680
4207 2036
81 1381
1685 3741
1934 278
3787 2745
3017 4248
2725 1570
2498 315
4 3948
514 2967
4480 3456
3207 1514
1517 412
1901 1557
747 4480
3562 4206
1540 4424
1791 4732
3247 1517
4496 3978
4220 788
139 4649
4509 1777
3768 1279
748 3556
880 689
3506 4936
707 3941
1492 203
2264 3455
300 2459
285 1103
191 3346
1768 4035
4981 4742
781 288
1378 3243
2541 2976
1312 785
980 4964
1513 2016
990 3334
2959 1633
2735 58
2910 3381
1882 3067
2733 4219
2528 4751
42 1536
774 3088
1160 704
4987 2735
2377 2473
3020 589
3328 686
2390 1430
3577 539
2016 3629
1655 2830
4686 4004
2809 4927
3257 2272
3532 536
1986 4673
4689 2851
744 4010
2010 4907
2709 4676
2487 1691
287 4229
31 3515
960 556
4499 1418
2183 3740
2754 2513
1175 3826
2473 1339
499 4531
440 3004
3179 3200
382 1015
2996 2740
2918 2276
1970 1184
4729 355
4297 4753
4714 2278
1306 1027
4346 1442
37 2554
753 4862
540 926
1998 318
3398 2581
871 5001
3508 1252
2707 4505
1400 3307
4807 2472
4786 889
4964 4257
3119 1630
3727 1282
49 3950
2712 760
1787 2249
78 2672
4964 97
4455 3937
3489 859
987 510
151 3377
227 2927
2250 294
2159 3006
4118 3251
3726 1722
4777 361
1993 1078
4502 1645
3689 2108
1103 1822
1788 1725
3197 774
2252 1439
4687 239
4683 2271
4267 2002
307 3319
50 3122
2696 2259
1089 1640
3327 3164
4993 2509
4484 115
2414 3820
2537 1102
2269 1053
1069 4443
2068 1763
3453 1175
541 625
2581 4231
3968 2005
58 4133
3614 4955
1597 3866
743 2906
3459 3984
1886 2371
3550 1810
2338 4238
1512 1298
1946 2617
21 3182
3671 3358
3249 999
254 2763
4009 2882
3267 3920
953 3505
4228 499
2042 4698
2818 1333
458 1739
4412 991
4474 2038
2730 3253
3556 2101
3932 1729
4099 3251
619 3710
1484 1311
2412 1065
4225 3574
3914 1709
628 1270
3007 770
2701 65
713 3518
3465 4471
2963 3081
3683 4210
1424 4260
2293 188
343 230
2128 4683
789 3055
4252 569
3371 4346
3449 2423
3981 4087
3755 82
1393 3207
2019 2255
4214 1769
4776 4965
3346 1041
4011 3875
4463 3744
248 4715
2924 508
3583 1232
2981 3413
2513 1000
2462 3170
2153 4919
59 566
2021 1685
4352 601
461 1306
2278 3483
1946 956
2317 4271
2043 2265
2077 1023
3742 4446
3115 3532
683 4564
4936 1734
388 2815
294 2791
1534 2563
1039 742
1772 2174
72 289
3644 3383
1771 4546
2326 1609
4102 935
209 3481
1949 1969
3460 4953
3073 3629
761 2162
4774 3371
4448 2778
2870 3437
3511 1465
2095 3701
4856 2989
1275 580
4223 3431
1983 4439
4670 2068
4974 4957
442 3212
4258 2984
1043 2584
85 1505
2769 3007
859 3793
3100 4601
2620 856
3955 4561
4430 49
1792 1732
2745 4250
422 2435
3401 3013
4187 4
1793 2062
4957 4777
188 150
3016 1540
1330 1260
2255 2153
2311 880
782 3832
572 1968
305 1898
509 4999
2749 3434
4998 1035
1394 2484
3243 2050
1515 308
3456 3974
3473 1069
4799 4671
164 2496
4182 2879
3872 3754
303 4106
4476 4145
269 1011
4462 3495
2732 498
4983 2739
1935 95
3849 3956
1864 1802
4198 1846
3458 3252
1746 1056
4240 3965
2645 782
4494 3272
4004 1014
1299 32
4122 2570
1733 1949
2479 3653
829 4546
4480 3032
559 3001
807 9
2791 2048
4898 3512
2954 4691
1790 3715
1384 1825
3517 532
520 2744
1840 2438
2305 2267
2564 1922
4261 2461
2267 3477
4713 2414
911 1226
3457 917
274 2022
148 2253
4154 4449
1916 1901
3032 3283
4537 2765
2794 2308
3719 1273
1497 2426
4592 997
2957 2750
2927 4975
3730 3206
1260 2878
4130 2756
4428 2991
3507 1753
656 3466
3632 2230
3944 4139
292 752
76 248
50 4388
2535 3238
288 343
4376 1762
520 1520
4904 844
564 3490
789 628
3841 331
1289 43
4731 1984
3771 3029
2554 3028
1751 2417
1545 4207
1041 4500
1975 4943
1380 21
3666 1661
1524 1733
2551 3967
276 1277
1072 2047
1799 1955
298 2083
4057 1737
935 3100
2489 1527
3211 1285
1052 1208
2025 26
4190 2645
4485 2548
1311 1498
326 2283
230 2165
1005 1649
5 1585
1544 50
2453 1977
517 570
689 2757
3854 3863
3261 1475
4285 3700
2098 2960
2141 895
3975 1810
779 1828
3079 753
4925 2590
2001 23
1530 3203
2906 1445
2065 3497
46 1764
2915 2128
1235 2952
3494 4210
1258 1715
112 1992
1105 1497
3304 3280
4171 3270
3255 4346
1977 305
4492 4950
1978 1048
4943 808
4598 303
2999 3115
425 4069
281 1123
1232 3947
66 3589
1087 1624
4543 4118
1745 4198
4634 3694
1758 2788
4015 640
545 3224
3365 2514
2747 1679
3270 4680
1212 1061
82 4472
2081 1006
4260 145
1538 1304
710 2381
2234 4667
2755 1988
3710 4142
2081 2031
2177 4507
379 1553
4466 3613
3052 2733
2599 22
3070 3021
1971 2239
4145 2969
1046 4221
3733 2349
3586 37
224 112
1147 3638
4248 1564
4166 880
4681 1718
3911 4503
2863 2755
3496 4818
3697 4122
3448 3473
3049 418
3173 1907
3902 1105
4561 4844
3310 2915
998 4720
2530 2761
1570 4437
2121 1297
3629 3094
3212 1049
3202 1529
1722 1239
2948 2247
2666 2758
1553 630
1406 2983
2771 1676
3692 3389
4834 3349
239 4834
1136 853
1038 4171
2294 2524
2525 2648
378 2144
4491 2480
3498 133
2978 734
1061 550
3191 274
4142 2636
4394 1271
3410 3037
2293 1030
379 3607
4777 1004
3501 4828
546 269
314 897
3231 4096
3011 4892
4736 2654
3474 3457
3274 2981
2888 3449
2815 1994
1430 56
4702 4871
1793 4358
1496 4658
2961 4619
64 818
737 1372
2660 1387
2900 790
4003 1277
2740 2029
1780 3956
3510 3902
4693 3204
537 4871
4199 1042
769 1754
1938 2021
3956 1548
2773 2258
2608 1321
2782 1039
3277 4925
1304 4323
1001 2338
3969 2464
3991 4072
1066 3509
4943 2959
2587 488
760 2269
3301 810
2128 3721
2534 2192
3909 2107
567 4737
2444 925
1302 805
4093 4786
70 3969
1041 772
1196 3000
756 3814
482 2857
4689 3049
1493 2753
2274 725
3739 3131
4175 1081
897 1513
33 2378
2135 3238
1573 2987
4705 2741
4704 3367
4678 4385
2997 3778
3273 2017
109 724
4373 953
2499 4428
3617 1793
2839 2521
3014 701
4171 1050
1267 3097
4546 4978
3760 674
4482 3191
744 3061
2771 756
2260 3011
2295 3365
431 2876
4345 1901
358 3735
4930 923
2967 4248
4714 1542
3236 4078
4024 0
4975 4139
4994 2285
2287 2226
802 3208
1800 3802
1064 257
1154 4300
801 1273
253 3205
4879 18
4103 3254
2624 3727
3070 2909
2742 1284
55 3691
4124 249
4988 4616
2980 4567
464 2957
1250 2346
2575 3459
3763 1973
4084 3419
279 1479
716 2156
4564 2003
3562 79
4176 786
100 1956
2548 4708
2500 2824
2283 565
2165 2244
2781 313
3260 823
1526 1486
355 4491
3938 2429
45 2699
3067 3303
1564 1436
3529 1066
773 3227
3990 3227
3516 3611
598 3997
558 4519
2210 2778
3004 1287
1480 4694
4364 1726
2498 3966
914 280
2496 1212
2273 3519
4396 2986
4649 1791
4723 526
2564 337
1363 2517
2007 655
3331 1864
841 4011
3626 4397
4722 2530
3425 4776
4505 1889
316 3241
2341 883
2381 4048
4892 4868
3128 4057
549 4686
1990 250
538 1066
1989 1338
4691 3006
1618 2238
4972 3262
3097 80
4100 1297
843 3386
3298 4232
3808 929
2469 2177
4715 761
4256 1366
2488 3728
2956 4018
2526 1800
2504 1785
2681 1731
794 3718
215 325
3469 2119
988 45
1297 2222
3905 3738
4483 1241
2860 3550
3205 2714
4494 200
370 2666
3698 1427
832 4124
2050 2498
3170 2492
2220 173
2239 683
4451 1846
4151 1736
57 4699
1190 3259
503 2657
985 3269
4459 2023
4194 986
3490 2289
2036 1608
2285 492
4995 3265
4892 2746
442 4922
1263 2602
51 2180
334 4002
3462 2945
4112 798
3789 1488
4439 4652
2068 4555
3850 103
2013 901
818 1730
3838 3258
3249 3992
2584 652
2581 434
521 4249
3694 1421
3295 2216
106 2034
3604 4862
2973 3512
3784 787
4246 895
2291 4429
2984 3458
247 627
4415 3762
2232 2551
4945 524
2824 2917
3440 1556
4139 3143
3367 2500
981 4508
3146 3592
2368 4430
2797 2405
3979 4250
1608 3909
3185 2503
4473 4183
4727 2533
2018 4121
4210 485
176 4470
4944 328
273 1072
3980 3440
507 2147
1057 1539
4215 4024
2177 4710
755 320
2505 2807
4449 2356
2738 3699
3564 4262
3361 4502
3146 4255
504 2122
4976 291
2233 4267
3515 4506
1715 4495
4552 4491
2049 1238
3486 2476
1249 3618
4555 15
1779 4213
4703 2630
738 4945
1867 59
55 1163
71 2040
2265 1299
1502 3470
809 2707
4516 209
1730 334
1882 1688
173 3217
3085 4450
3131 4929
1226 4781
2438 1046
4470 464
3213 4567
1280 1938
1700 4735
1989 504
1442 4242
4226 17
2508 3513
1627 1576
1059 3271
4456 268
4907 1885
2344 4733
1282 1063
4012 2749
610 974
2910 1870
4717 603
1749 4743
3022 780
3431 4373
3996 2210
4479 215
4734 4182
4728 4376
4671 4459
2769 4825
3571 4944
2605 4406
4457 1892
2229 511
2468 2264
4002 1040
4048 4939
3691 3462
3750 759
1834 4946
491 791
3978 1253
4230 3553
76 4081
1973 3727
3754 2277
1273 1169
40 683
3000 3544
4450 3158
1603 993
4819 1019
185 2127
2979 3480
3258 3030
719 792
1734 1664
2746 1967
624 4598
3265 3425
17 2906
2263 3463
1372 2353
2411 4712
4069 2256
4698 4464
1181 908
3999 2177
3964 1457
671 165
1157 3565
764 2516
3952 4976
1354 33
4513 1746
4847 892
2965 607
4207 1554
2435 707
2247 4813
57 1231
3229 4800
4999 2734
539 2779
446 2669
2701 4910
3485 977
3835 4916
4006 3479
4711 4661
4963 3881
2788 4270
1898 1622
2744 4457
461 1305
452 1483
2341 4937
2762 3091
1369 2526
3383 1451
3237 3952
2485 1166
62 3929
3744 1117
4756 2082
2259 2028
3407 2071
2912 2237
2302 4084
657 3070
3926 3247
3907 3257
2082 3226
2214 4461
1475 3289
4505 2231
4303 4115
3027 2216
455 2477
4818 4379
1114 4816
4959 537
695 4486
2275 4865
1741 3709
3526 948
3238 2860
2246 227
3893 3949
1752 1524
3786 3899
3046 1087
8 3273
1846 1217
1279 100
530 4172
1645 3772
686 789
1026 4705
3094 4036
4935 3223
544 370
724 4997
3313 2627
4184 1781
4732 309
4447 2232
1961 2845
4755 2488
1309 2302
4217 2519
1058 82
4622 4700
1715 1008
3738 2260
4678 2218
2873 2243
75 1211
3440 557
4929 2121
778 2317
3355 1999
4694 3255
557 4986
2144 698
3822 4930
835 4205
1992 4834
3959 2780
4478 2053
1536 4006
428 2501
4438 27
2806 1983
498 2869
4253 4330
1007 1058
3572 4485
157 1558
4271 2347
1789 1783
3271 741
2216 3911
4409 1789
4652 2265
3656 559
3968 1482
4844 2681
3028 4792
4445 4528
4531 3434
3427 4484
4427 1552
309 843
2131 1333
1096 4724
989 1480
604 2786
3716 920
4930 2773
3802 69
4403 3012
565 2320
2314 4246
2000 300
1056 503
3863 4239
2715 3278
3746 2759
1482 4345
28 3765
2230 2507
754 2305
4464 400
1658 4309
3215 512
528 1491
52 990
1643 1477
992 3731
301 1636
4235 2505
1069 3504
3513 2077
1776 4243
4709 3820
2672 2772
1233 1269
1781 4463
1205 3106
2663 817
77 3736
2045 1289
2022 622
197 388
4674 535
1272 4749
659 279
2722 4228
3805 4731
2992 4015
1123 3514
2611 2426
2836 2985
1542 1292
3505 1056
2572 514
4991 4958
823 546
1682 3680
1208 701
798 1649
1240 4018
30 1673
1756 2623
2514 4982
3155 1065
2165 555
4549 2997
2213 1525
1549 3989
36 1508
284 4488
4576 2492
3574 33
2734 2842
3519 509
4370 3428
4522 2489
1803 639
2241 802
2026 121
1987 2986
4591 2489
527 4154
4241 1190
194 1555
2225 4725
2986 3337
2737 4212
2710 3936
1288 3693
73 461
2009 1799
2648 3507
2459 4850
1782 1160
2909 610
971 3524
1260 3221
4429 2968
3516 3829
4754 4103
65 3361
2729 4445
2741 4474
4211 2948
2869 515
2262 1302
3444 3789
4014 263
1048 1283
2268 3109
3547 3700
1697 3620
4573 66
1421 1472
3826 2991
4762 3223
3446 268
1585 1084
3460 1291
2244 109
2842 3835
3334 2984
1494 4252
3454 4940
2243 310
534 1072
3942 1706
2020 4361
1853 1342
2848 3261
815 1309
215 2215
4735 4203
2162 2647
3565 2521
1792 3444
1295 2049
2786 34
513 301
4294 1943
1754 2341
551 4475
492 1249
897 3517
4270 2894
3343 1512
1269 3355
716 251
1284 1033
646 494
1357 182
1767 1490
962 3014
1297 4195
1640 258
2955 3233
2362 2195
4163 649
3709 170
4262 3968
1234 70
2756 4245
1739 1315
556 841
3484 493
3820 3964
249 1274
4446 52
4976 3982
2876 4437
4001 960
2539 657
4250 3116
3897 470
2538 1048
4213 2039
103 1855
1490 367
784 1025
1521 1787
2716 303
3268 3775
3468 523
4926 3475
3167 2564
275 3665
3520 1895
4306 148
761 1280
3878 1499
4342 1011
2939 458
4673 2374
4090 245
4205 2438
2768 3905
562 1639
1 3961
495 2229
2885 3343
4965 595
3772 296
862 2128
2753 819
589 3194
2971 2587
3450 521
2426 2359
4956 419
4744 4759
1016 4253
64 1694
1969 4187
2163 1538
15 1989
78 326
1794 2092
1465 1925
1444 4745
2223 8
1500 1010
850 4033
2483 1421
1843 1301
4212 2974
3010 2960
3143 3234
820 2490
2491 4349
3037 3802
1375 3896
2484 2032
91 59
2438 1652
2503 3250
4465 4935
287 3268
1495 2465
2854 2957
767 1261
1244 804
2654 3099
4745 3761
1241 3016
1825 843
1554 2469
506 1543
929 3427
2132 4728
983 1682
310 1412
1557 1981
3232 2532
3659 3690
3535 984
1487 1244
3467 3938
3963 1302
4919 3980
3275 731
3238 2467
1556 35
3487 4931
2708 2654
3131 4822
886 2144
4998 1064
272 3897
279 181
1861 1415
4508 2025
313 4492
3034 4837
2494 3034
39 3447
311 2037
631 3674
3699 4816
4747 1621
11 2806
2870 3692
9 1324
4209 3460
816 788
3026 1507
4937 74
4786 1530
44 746
752 4510
1301 1157
3746 2751
2279 1307
4271 3229
1229 3666
2399 1521
3705 4591
3428 1390
3748 1418
3024 4578
319 4643
3280 2945
2472 3428
140 1780
3884 3989
3479 4133
4781 1798
56 50
4585 754
3753 174
1712 4199
346 3161
749 3522
1031 1703
3512 4336
1060 3838
4725 3608
1732 314
4950 4391
1691 3835
3265 167
4054 789
3523 1369
2974 1757
4458 3849
1759 4692
3955 373
853 4689
1036 4959
265 1923
2471 1770
3767 4454
1744 3541
2086 1232
485 491
3001 1075
2969 1060
803 771
2891 977
2548 2248
3405 1275
3730 1749
4115 1483
2736 1673
2951 2870
2350 2011
3198 1301
1265 185
4968 1528
4333 1454
3666 1509
3762 4000
2984 1503
1020 794
409 2535
1803 12
766 4258
1271 4745
1706 4972
4759 1804
2981 4254
1525 4998
1775 10
4459 2912
3422 1034
4681 1797
4680 2282
2012 2678
2761 4489
3158 1300
2740 16
1837 2711
4558 3220
289 2973
1740 2866
2766 2608
154 4142
1226 3245
1034 1886
3008 2012
1108 814
3949 4729
1252 1268
2770 541
258 1773
4990 4008
804 2722
418 1793
4018 4190
3835 3301
1910 520
337 3805
250 1919
4953 2939
993 2726
4136 1484
2138 1518
724 3331
1296 4697
3899 2018
2482 7
1718 518
288 3304
218 2468
3449 2402
4742 4225
1928 4504
1003 3064
2359 2709
1246 3781
5001 1978
547 3706
2964 2897
3793 519
2495 3416
1940 64
4327 1985
1481 4122
519 4453
2509 364
3994 2531
1913 2536
494 2614
4201 538
3235 4880
3450 1496
3227 665
1750 88
2384 2948
47 2770
771 1036
1418 4403
1073 3758
3235 1502
510 1384
2714 4713
1412 2000
3504 6
3256 1397
3735 4379
1480 3502
1217 3768
4400 3198
49 1286
1287 3193
3887 4734
4273 72
1324 4726
1679 1172
1858 406
322 1534
4204 2738
3428 14
4850 4482
331 2221
3650 1160
3188 2261
3109 3716
3731 2267
4185 1258
2282 3677
3365 4216
3665 224
3962 2706
1338 1768
4690 1196
2271 1267
1510 4199
3967 4496
566 3617
4467 2080
2460 1463
1032 1357
4985 829
3677 743
4865 209
3957 558
3199 4045
43 130
4707 4164
4701 1989
960 1745
2374 728
1783 2988
4699 4456
3629 971
4751 1573
4063 1478
3380 1148
3018 4679
4978 4768
3279 871
3076 256
3292 3747
4780 1517
2976 4742
1994 832
2728 1009
4728 265
75 3711
236 2200
1885 2725
4232 4853
4810 800
4698 2713
2261 4252
2356 2281
4442 3634
325 2250
4506 4185
4528 246
4016 796
1757 4501
1748 1715
4710 516
640 3708
2524 260
592 1093
1990 3471
1723 3222
4011 252
1964 1510
2465 598
856 4415
1743 316
785 286
2332 2972
2347 3769
2945 1057
655 4856
53 55
1011 3256
2972 2477
292 815
1551 4552
3215 2767
2221 3185
4178 985
4707 3717
2711 2081
2766 1738
3474 2
4492 913
181 2220
4768 960
548 473
60 1603
3586 4727
2033 1016
1999 510
2486 4592
4237 2747
4145 2234
1601 769
812 1303
2201 2756
1036 3958
4066 3960
367 4983
2987 30
4361 4992
3693 4579
3764 3944
505 989
2029 3644
2104 3488
376 294
4712 2275
561 4693
2800 2284
2957 136
2258 318
1725 4237
2536 1485
1053 3907
165 2587
1609 1976
4087 4987
788 803
4315 3983
2614 4895
4445 806
1006 3503
1498 2998
406 1138
4697 1961
1360 273
1724 1646
1493 3362
1483 962
2236 3604
2501 1728
4801 4497
3711 3939
4742 2236
1738 1354
2226 452
2349 4502
302 317
3965 1723
795 3725
4182 1858
497 224
3134 750
4862 2453
2156 1351
3747 496
4519 3079
3961 1804
996 4505
3641 4462
434 2731
4379 4217
167 4039
2071 3955
4238 4780
4148 4421
4324 767
4980 1536
3245 3521
3021 3686
4582 1260
2222 762
3225 4682
1427 996
3608 1515
776 4979
1876 376
4078 4877
4679 2710
1293 76
3781 2516
1151 2982
4231 3500
4510 2740
3254 2013
4795 2291
458 1627
1138 965
1606 160
4962 4889
4379 4634
3890 4576
1517 1861
3881 4901
61 1212
2728 501
2690 1380
1895 3250
1298 498
1661 1487
1117 3516
2390 4224
1958 4688
524 1311
2147 2207
2002 4932
3761 915
3471 4109
4469 4570
4195 2321
2030 3571
2083 282
1030 577
3701 461
3741 2569
3343 3614
4244 1493
3206 4613
2441 3327
3005 3215
1476 9
1615 2252
977 1406
4009 1007
3820 2541
4142 2010
252 2495
4677 1029
2192 2787
2466 2165
4157 1144
4419 1974
4449 1991
4477 2873
1045 3778
2266 4746
3352 3322
2365 4017
4958 256
794 4994
1822 4799
496 3712
3 1480
3518 3267
2113 3450
2560 4585
4388 3999
4035 2014
3452 656
4752 233
1273 2730
580 4717
2207 2961
79 60
1144 1573
1277 4752
2623 4455
2993 744
1506 1758
4498 1018
4039 379
2230 3467
1277 39
3525 3209
2815 1248
1673 2936
1561 994
3221 3979
1725 680
742 290
3199 2487
4204 2797
4444 3445
580 776
2787 465
1027 1597
449 2760
1148 2812
3203 3081
4934 3755
2171 2891
2108 49
3220 2483
3029 1037
2186 3028
4259 3340
364 3352
734 52
639 2113
1120 3671
2678 2727
3838 1790
4450 1813
2402 3940
2779 3962
2195 573
3061 3822
2405 3914
1214 3693
29 2955
2470 4853
428 1108
4570 2021
2812 1904
121 301
2034 2335
536 4256
82 3201
1846 1294
2037 4993
4249 1120
637 1744
4216 91
245 3119
4977 2092
349 4756
3725 1788
1742 637
3941 4148
3081 2183
905 2933
2264 820
662 4637
4688 1778
1791 2803
4588 346
3269 3404
1679 3022
1516 4850
63 236
1009 3239
1479 4625
3718 2990
3623 4419
3368 157
3832 2187
4133 1767
892 4678
2983 1010
2238 4228
3984 1290
3224 3219
4686 938
2866 4099
23 2510
1904 62
3589 1997
3811 4974
1302 3926
555 1766
3626 1721
3499 580
944 765
1267 4192
3200 227
4489 2520
72 568
4210 778
4222 378
1232 3237
4208 2639
1913 4971
412 3696
3982 980
3251 2365
1507 2857
1278 2240
4684 293
3958 2290
536 1336
255 2273
4 1469
176 1971
315 1546
4613 759
1469 2827
4706 3529
1050 4921
74 2450
2417 2026
3437 3697
3242 4702
182 2020
1056 4543
3544 1772
813 1495
1573 1310
157 4989
4259 1245
947 3020
4753 2605
2245 3767
2041 1062
2521 4288
1394 1375
1315 470
3452 3242
2089 1667
4045 467
3472 2771
1630 4689
1111 2525
2590 3188
4133 527
2714 1986
1795 1357
511 4432
3580 4215
4421 2782
1729 2291
2046 1038
3210 3152
2231 3771
554 4011
2056 1612
3929 2623
526 3767
3468 3981
4628 2223
2897 3730
4192 2311
3722 4176
4500 2956
2207 3405
1735 2138
762 1913
4358 4923
1037 4540
4910 1444
4700 4060
2719 2888
3214 3046
3137 2729
4880 3987
529 1460
1533 4480
27 1034
4913 3998
2593 1742
33 302
1477 1123
135 1840
4501 4463
898 4415
13 1476
4172 4961
1760 2769
819 3440
1956 1372
1049 2895
3736 1946
4183 3046
550 3994
2759 3
3700 1182
4233 4321
2008 2043
267 1867
1536 2762
3743 3626
1784 78
4169 4013
1762 1378
4336 1756
731 2018
2733 275
2666 1853
1123 1254
1004 3745
2475 2286
1506 2104
2053 4361
2074 1585
1454 2198
4936 758
1387 3945
224 3976
282 2168
1726 782
4667 4988
3476 1229
1418 4222
3219 2712
3340 3446
817 3211
4461 4956
4901 4315
535 4879
2 3264
1187 24
1151 1246
2408 816
4339 2903
3977 179
4486 4469
1907 4969
2252 4473
4000 4508
2718 4220
506 3374
278 2999
3940 442
3937 1235
3241 1296
883 1489
4546 2491
2833 533
3765 795
3935 563
583 3019
271 4291
3860 4015
1247 764
782 1141
1523 4209
2710 4703
4708 3060
501 1958
301 3276
543 403
1923 4373
808 2839
1675 1114
2958 4795
4731 4755
3690 3722
1622 4202
4946 1242
1870 1760
2153 3018
493 2192
4435 3343
245 4184
2630 3474
4646 4202
1603 3720
2500 1090
3989 4774
3112 3641
1478 1670
1266 4610
4637 2287
1974 3695
4488 3468
3754 270
1220 1753
577 43
1387 3766
810 4947
4625 823
2321 742
3251 164
1251 4294
3953 2081
1976 1741
1055 862
2706 1318
3004 1964
2767 4448
3702 3885
4323 2584
1002 2687
4676 1202
2780 2743
3976 1043
3122 2724
1465 4066
1433 738
3319 2578
3970 1196
3252 3914
1166 3277
2754 2620
1378 1363
4745 3009
4813 1892
1581 1339
1828 1187
1029 4208
268 3890
4397 1581
1968 2766
2523 874
1184 668
3120 2508
4534 4419
3662 1500
2783 292
142 267
4245 1526
3607 2241
4491 261
3013 3216
4922 1214
4616 4090
1259 3577
2374 572
3106 574
3943 3743
470 4513
3482 4736
843 3125
913 2720
4260 3489
4947 3988
3556 551
3983 3269
2609 1993
3972 3538
4035 3026
4291 4324
4276 2497
2003 55
1035 1516
2338 3733
4961 4801
4018 3702
4206 4075
4109 428
2014 2412
3592 3723
1274 1166
3869 61
2765 3953
4982 3029
3522 2390
4030 1036
1291 797
3954 4696
1873 4166
1308 2225
3553 2627
3796 506
1489 287
35 3722
4585 41
1242 1849
1345 4465
2235 826
3161 3016
2492 4201
3254 285
4349 2374
4640 4706
1248 2971
1984 259
1550 1308
1182 1916
741 327
4592 4226
3973 3228
1457 2766
1919 3793
4208 2719
2282 3763
2243 2213
3297 1521
1439 311
799 3082
1528 1069
4921 4592
3261 3493
2221 850
3766 2663
3939 4270
1178 981
1023 4684
3012 2293
3724 3052
1649 4234
3081 4973
3686 3004
1982 298
3971 1740
54 2494
4042 793
3608 3887
2122 4964
871 3525
2273 4355
4738 4879
3253 4492
4502 2266
262 3128
4801 2214
446 543
2417 3598
4932 1949
3222 1748
4250 3752
2432 2993
1727 3935
2669 4876
179 4930
2037 2784
1499 2768
2857 1618
775 2302
3455 3878
4558 902
2465 1675
880 4628
1390 2116
1294 1012
4384 565
874 3860
3233 2420
2253 1952
2038 4712
1040 2981
3951 1597
1014 258
367 813
1952 2153
1231 4003
668 2012
233 2761
3434 2748
1509 482
4189 4976
1085 898
4224 1545
1381 3698
4437 3231
2522 3704
4724 528
2821 4130
1646 1394
2605 3703
3598 886
488 2485
4239 495
174 316
2851 4054
3469 4674
595 3601
2396 2590
4967 1819
2675 1588
4716 4051
1254 1028
443 2233
1772 4934
3634 4991
2936 911
4255 3260
786 1737
3997 3811
2200 2918
3936 1024
1237 1615
3758 3595
2952 2818
419 3506
1766 4294
4837 458
3427 835
3756 1751
751 3547
2636 3451
3470 530
3316 1547
2288 3025
3850 2954
361 425
1798 2523
4749 2569
1995 3002
573 1600
780 3838
1065 1312
3497 3869
2461 2159
2751 1549
4096 4494
4588 4194
4831 4271
3908 4466
3923 2478
932 561
1000 4987
2249 3103
3419 3383
2985 4549
3250 4178
814 3959
563 3286
4275 1783
67 3732
1066 4236
4436 2714
3589 4664
1327 547
2237 1725
3140 2074
2563 3058
2027 47
4234 3472
290 1393
1212 4985
844 746
465 245
999 3076
413 4030
4193 3850
745 744
643 260
2248 4859
2651 78
277 1975
2489 349
4421 2781
1196 2794
4243 3407
34 3448
394 1045
2296 897
1801 3112
4424 4698
3337 1132
4874 127
1244 4951
4940 4874
97 3155
950 1727
4242 29
952 3991
1601 431
4486 564
4971 968
4106 3510
2991 4303
1472 5
2272 2000
3349 3975
4291 3134
531 522
2879 4382
4920 3267
3613 2494
270 3499
4199 1247
3712 1235
3935 2046
323 3968
1810 2280
3875 299
3988 4622
4264 817
2772 800
3193 57
304 793
704 3398
3267 1655
3088 1059
9 3137
3902 1085
680 4476
1980 247
2274 2962
4972 4447
1339 2737
3106 3977
3847 1020
1709 1940
2970 2411
1366 716
4540 1775
3020 3647
4643 2282
4969 545
4737 4999
698 2566
1436 4261
607 4681
2921 4100
1529 2771
4373 2696
1002 952
974 642
1236 272
4213 3854
977 2294
3700 77
3503 3236
1747 54
2507 1424
4696 3298
3948 2110
1463 3734
1072 877
1301 562
1901 4926
4931 529
2578 42
2724 4640
43 567
4164 455
3814 4418
4254 4263
306 71
763 292
1211 3213
4947 3724
470 1031
3060 4412
3464 659
1667 3586
797 4241
3521 2681
3204 540
2215 2447
1017 1555
1988 3197
2150 3274
4740 4235
522 3146
2335 1137
3377 1345
4005 4947
95 1885
4595 3713
1505 2548
2903 3210
80 1284
294 3943
1109 4431
4146 2675
616 3401
2017 988
400 2293
3091 1463
3381 2024
3698 4169
4567 2095
1810 3996
1369 4394
968 3207
14 1533
3483 2910
3620 1946
502 553
1090 4333
2960 2189
1093 2274
4346 3225
1892 3823
512 4995
2807 2996
2284 47
467 2441
1621 3962
334 4163
4661 446
1454 4807
4415 4913
4988 2979
3737 2836
4243 1400
3125 643
2699 4243
935 2019
4219 3031
1807 1907
4454 811
1773 2951
4748 791
2254 2068
795 4230
130 40
2326 2235
796 3787
923 4396
1333 799
3319 3486
2750 3040
4468 3716
1025 2429
3775 4678
2320 1230
4579 2393
4771 3017
2477 4276
3272 2354
4743 4537
4719 2854
2092 1052
2657 3497
4675 2131
94 476
4027 4940
317 3146
4619 559
3264 1538
7 4145
2760 1327
2966 53
4862 3464
2917 4171
889 4102
994 1120
115 3235
3914 3498
3493 194
3481 3003
3811 2089
1284 2001
790 1603
3259 3634
3695 3571
1351 4241
792 1752
1102 4681
2224 1409
4868 1240
2092 3024
865 3085
2726 2741
364 3465
2531 4001
3885 2341
1673 1193
4008 4297
4239 3759
4241 254
1318 1723
3466 3908
2516 4747
2267 1935
511 3737
2953 1755
2127 2344
373 4516
532 1537
768 4285
3740 1970
4121 4436
2505 2942
3040 4124
444 1979
2989 1775
494 3726
2420 3564
765 4427
3747 4200
1013 2037
1421 1995
2894 73
4841 1295
4741 2885
3992 3971
2024 3469
1703 1740
1499 2150
4367 2251
793 1761
738 394
3006 4509
568 4604
3769 2903
1527 552
4939 2564
4072 944
1741 604
3817 4459
665 1032
3638 988
2654 4962
3966 324
2516 4722
2857 4367
2639 3650
1988 1051
327 1544
1336 4966
4321 4327
925 2314
1327 1135
3495 4676
746 809
492 106
2757 2510
2240 4240
4733 4
2308 4009
1721 4886
291 2980
4229 2660
4834 2924
1981 236
4487 1205
3207 2958
3286 4537
2647 1803
306 507
1016 443
4899 2287
200 3174
3478 1561
1160 624
4877 3666
4952 2033
2998 3984
3240 959
1518 554
4069 81
2895 1801
2189 773
3509 3750
2168 382
4973 4244
2551 3501
1075 4259
2784 1987
3413 154
1245 3422
3601 802
2775 3738
4640 1003
725 1005
806 2848
3019 4035
1132 4588
268 4711
515 4965
3217 4342
3002 428
2426 2288
2028 3395
4252 3957
925 449
1062 3907
2219 737
2693 2082
902 4063
2110 2602
318 3985
2778 631
3799 3589
1163 3295
3488 517
1802 3232
1624 2728
136 781
3278 3478
4883 4748
1752 1265
4692 63
1967 1601
3514 2132
305 3784
3728 1281
1925 118
2450 4409
1286 3884
1783 4841
4495 1782
1931 2027
2906 284
984 517
4684 4687
2533 4069
2217 3857
4385 4264
3995 4211
1300 157
3674 379
4567 3482
2447 2326
2596 4739
3447 446
3713 4204
1885 3749
3720 1776
2277 440
788 1934
1558 2690
523 4980
3223 2970
1548 2444
1600 75
227 865
2903 4191
3802 4607
3362 3008
3793 1786
742 2593
2803 2651
4257 2708
2019 995
1021 2767
2994 2006
4962 416
4452 2521
150 1504
1511 397
4684 4318
2515 3131
1603 4229
2257 1047
3325 629
112 4330
3946 2785
2481 221
2035 3219
2225 2958
4990 4838
1275 20
2512 1099
4667 4282
3137 838
1591 1448
3947 4176
2463 4151
3353 0
4188 4501
1879 3847
525 1718
3541 3262
4685 4953
4251 4924
562 1108
4947 1466
508 634
17 1266
61 3246
4938 4196
722 1766
3568 2011
1852 4997
4948 3361
4941 4250
4221 2845
2006 3844
1515 391
340 22
4205 603
2127 3781
2777 437
4933 2456
2557 1529
988 2040
2059 3263
2975 352
1075 3176
64 4765
1999 4190
2958 2010
4000 298
4889 1983
388 3033
2502 358
783 2879
4487 3230
3729 4021
826 4218
1093 3515
556 4279
268 2101
4182 1675
287 4312
1519 3559
2633 1931
1239 3244
1861 492
507 2289
1582 3729
1126 3790
38 897
847 1831
2015 835
4934 2287
1199 4457
1326 1501
4807 1011
2476 2570
4841 48
2624 2240
1541 3492
212 4655
4695 2242
4260 4481
19 1129
4432 324
4273 3751
3951 2839
2630 2882
3707 1190
3106 3733
2046 283
2299 1275
29 91
2684 1531
757 4783
4942 2776
2116 3668
1746 1761
2231 4136
4904 2693
4015 266
4433 3641
4478 4795
4434 2270
2988 410
115 501
2903 3149
4984 3993
4928 3757
4631 2044
2995 509
3847 4247
2774 297
1057 1299
1369 3149
1885 3392
2869 3485
777 69
750 3443
264 2569
3176 2289
1058 3458
4777 275
1767 2252
1996 25
4193 3197
4498 2537
3034 4735
3407 3097
2083 1169
2125 751
2261 677
942 4970
739 3322
1794 3461
1937 2041
770 2493
1220 2930
297 1969
985 1262
905 3743
559 728
2204 4549
2766 2518
1691 1044
1747 817
1279 3635
4734 2752
4007 3701
2570 4436
