2513 0
2754 1
3500 1
4231 1
2581 0
1000 1
434 1
4987 1
3398 1
704 1
2735 1
58 1
4133 1
1767 0
1178 1
3479 1
2116 1
4087 0
1490 1
1390 1
981 1
367 0
3981 1
813 1
1508 1
527 1
1160 0
3668 1
624 1
4006 1
4598 0
36 1
1782 1
1536 1
4508 1
4983 0
3468 1
523 1
2620 1
856 1
303 0
4495 1
2762 1
2739 1
1495 0
3650 1
2025 1
2716 1
4415 1
4154 0
898 1
2465 1
3091 1
26 1
2731 1
1675 1
4449 0
598 1
4996 1
3997 1
4182 1
2356 0
2423 1
3811 1
4734 0
2281 1
770 1
2977 1
2089 0
1114 1
4106 1
3007 1
2769 1
3449 1
2752 0
4204 1
1858 1
1463 1
2493 1
42 1
3428 0
3887 1
1667 1
2460 0
1760 1
2402 1
4974 1
3510 1
1085 1
1991 1
1715 0
3940 1
4370 1
2888 1
2797 1
406 0
4825 1
4488 1
3762 1
2252 1
4000 1
1439 0
298 1
4473 1
1008 1
3586 1
37 0
3734 1
2639 1
4980 1
2083 1
2719 0
2554 1
2405 1
1258 1
1982 1
3028 1
311 1
1870 0
3608 0
1169 1
1748 1
2532 1
1257 1
4904 0
3914 1
4183 1
3498 1
1612 0
2056 1
1273 1
3222 1
442 1
4957 1
2037 0
2467 1
2879 1
3902 1
3212 1
4382 1
783 0
3713 1
4185 1
4993 1
2738 1
2784 1
3046 0
844 1
3232 1
2510 1
1515 1
4792 0
284 1
2578 1
3719 1
3252 0
1802 1
4213 1
2693 1
2906 0
1615 1
2186 1
4913 1
746 1
1445 1
2723 0
1237 1
4727 1
4816 1
14 1
2039 0
1013 1
2082 1
307 1
3854 0
801 1
2910 1
4922 1
1049 1
2730 1
4804 0
4585 1
2227 1
4756 1
1451 1
2479 1
2528 0
2560 1
133 1
2533 1
3381 1
2024 0
743 1
3699 1
3653 1
44 0
1214 1
308 1
3253 1
754 0
809 1
2472 1
3033 1
1394 1
3454 0
3677 1
349 1
4214 1
2757 1
2895 0
4951 1
3469 1
901 1
1987 1
1105 1
23 0
17 1
4751 1
2707 0
2305 1
1172 1
4505 1
3319 1
2267 1
4725 1
1889 0
1087 1
2282 1
701 0
3226 1
2432 1
3014 1
2509 1
3458 1
41 0
3698 1
1244 1
1723 1
364 1
996 1
1063 1
2323 1
1497 0
2007 0
4352 1
1646 1
4674 1
677 1
962 1
689 1
3486 0
3763 1
4226 1
1973 1
2001 1
218 1
2231 0
1427 1
4807 1
655 0
3477 1
4680 1
1724 1
4519 1
3483 1
3965 1
2993 1
1058 0
1375 1
1736 1
1803 0
4595 1
12 1
4777 1
5000 0
1381 1
3863 1
1266 1
2489 1
4440 0
4522 1
3771 1
1282 1
282 1
744 1
3693 0
4579 1
2013 1
388 0
4069 1
425 1
3238 1
391 1
361 1
3061 1
1533 1
2986 0
4591 1
2476 1
558 1
1769 0
2426 1
3270 1
3352 1
4506 1
2359 1
2468 0
2815 1
4171 1
3254 1
52 0
3957 1
4446 1
4364 1
1004 0
4136 1
2135 1
2535 1
1208 1
197 1
3465 1
1138 0
3727 1
1801 1
2261 0
2709 1
2245 1
1726 1
804 0
1011 1
1483 1
2256 1
2032 1
4642 1
4610 1
82 0
372 1
3337 1
772 1
4208 1
4471 1
1484 0
2722 1
4643 1
4480 1
1506 1
1288 0
1935 1
4688 1
1527 1
275 1
4010 0
3742 1
1248 1
1284 1
1029 0
2484 1
285 1
452 1
1007 1
4103 0
4856 1
1318 1
4693 1
4115 1
2104 0
2264 1
80 1
3476 1
3455 1
3214 0
4252 1
3204 1
1994 1
3488 0
2119 1
1050 1
745 1
2278 1
2984 1
1958 1
3745 0
2570 1
4754 1
2860 1
95 0
2521 1
4592 1
4258 0
1679 1
3550 1
4396 1
3565 1
4186 1
1778 1
160 1
3896 0
601 1
561 0
2971 1
3456 1
1514 1
2917 1
319 1
1132 1
4588 0
1885 1
3032 1
1487 1
1033 1
269 0
2989 1
2226 1
3515 1
4677 1
1157 1
3188 0
880 1
81 1
3822 1
932 0
3878 1
3322 1
4303 1
1606 1
2225 0
4907 1
501 1
4194 1
1454 1
3703 0
3029 1
3283 1
546 1
1093 1
1311 1
2821 0
1308 1
1292 0
2647 1
4146 1
4452 1
2775 1
766 1
2590 0
747 1
552 1
4130 1
1864 1
1775 1
990 1
1038 1
3392 0
4940 1
2733 0
4472 1
734 1
1499 1
4982 1
3434 1
2311 1
1779 1
4925 0
3240 1
3756 1
1301 0
2150 1
1239 1
2725 1
3998 0
4436 1
3201 1
3112 1
4927 1
4042 1
3974 1
820 0
524 1
3942 1
1810 1
1722 1
959 0
1758 1
517 1
3726 1
1816 1
4151 0
1998 1
2198 1
4169 1
2747 0
2046 1
1542 1
2978 1
4189 1
4013 0
346 1
1037 1
1751 1
318 0
535 1
4879 1
965 1
2958 1
2587 0
3755 1
2288 1
3739 1
3731 1
4930 1
3641 0
115 1
823 1
984 0
2768 1
3052 1
3738 1
4874 1
1770 1
2168 0
992 1
1709 1
409 1
1573 1
540 1
2396 0
4239 1
569 1
18 1
283 0
3331 1
948 1
2162 1
2537 1
10 1
2987 1
4981 0
3022 1
4795 1
923 1
1503 1
488 0
4934 1
1229 1
1843 1
2605 1
4492 0
2714 1
3274 1
2809 1
4406 1
2486 0
495 1
2274 1
2749 1
2393 1
3277 1
4738 0
3634 1
2262 1
1052 0
3724 1
4228 1
3235 1
2788 1
832 0
2728 1
4921 1
4027 0
4945 1
4237 1
4498 1
127 1
739 1
2611 1
4484 0
382 1
3749 1
4342 1
3975 1
1103 1
3935 0
1940 1
761 1
3535 1
4537 1
2287 0
2717 1
3666 1
3985 1
4122 1
1502 0
1727 1
4637 1
3995 0
3905 1
1498 1
725 1
3427 1
1624 1
2991 0
2490 1
1144 1
3260 1
4124 1
3198 1
3020 0
1293 1
4240 1
2004 1
4531 0
2998 1
4012 1
4676 1
2280 1
4718 1
2417 0
2742 1
2026 1
724 0
562 1
3470 1
1706 1
2624 1
1539 1
4321 1
3207 0
1015 1
4121 1
4877 1
2260 0
4157 1
4009 1
4540 1
1986 1
835 0
968 1
662 1
1772 1
1310 0
4192 1
574 1
3759 1
31 1
4433 1
3760 1
179 1
4078 0
2756 1
2238 1
4255 1
3984 0
2463 1
1057 1
30 0
926 1
2990 1
782 1
3236 1
1307 0
2015 1
1299 1
1280 1
3786 1
3025 1
2258 1
4673 0
1509 1
2338 1
1267 1
3996 0
793 1
3598 1
2010 1
2240 0
1550 1
3217 1
3977 1
4976 1
1784 1
4997 0
1725 1
4211 1
3259 1
32 1
4625 0
2706 1
249 1
2092 1
1001 0
304 1
680 1
109 1
3131 0
2609 1
403 1
3146 1
165 1
4476 1
589 1
16 0
1041 1
4742 1
1019 1
4166 1
4977 1
1661 1
4500 0
4270 1
4972 1
1005 0
22 1
4205 1
2882 1
3205 1
1649 0
4503 1
3982 1
2748 1
340 1
997 1
3358 1
4333 0
4160 1
4822 1
913 1
563 0
1639 1
3244 1
2229 1
2174 1
2514 1
3256 0
671 1
986 0
3365 1
2210 1
4400 1
3073 1
4288 1
2362 0
522 1
3939 1
422 1
3671 1
2279 1
173 0
4442 1
1794 1
1494 1
2956 1
2933 0
738 1
3994 1
780 0
4018 1
334 1
3011 1
3106 1
2531 0
4142 1
1730 1
4899 1
1240 1
1535 0
886 1
3832 1
3346 1
3334 1
3161 0
4001 1
3826 1
1849 1
4447 1
1278 1
583 0
543 1
3767 1
3459 1
8 1
526 0
1673 1
2705 1
639 1
2435 1
2778 1
2948 0
3461 1
64 1
1822 1
2976 1
3733 0
4327 1
2349 1
1433 1
929 0
1993 1
3491 1
3097 0
2009 1
2471 1
2962 1
570 1
1120 1
3313 1
950 0
4628 1
4765 1
2645 1
482 1
4646 0
4233 1
2857 1
603 1
2894 1
313 1
1141 0
4950 1
1175 1
1190 1
4163 0
3194 1
1788 1
4743 1
2438 1
2765 0
1250 1
2773 1
1840 1
4245 1
1256 1
980 0
154 1
1749 1
947 0
3544 1
4225 1
4479 1
1618 1
818 1
4190 0
3592 1
4487 1
75 1
291 1
385 0
2018 1
1274 1
3574 1
73 1
1873 0
3962 1
530 1
446 1
2523 0
798 1
3230 1
2575 1
1211 1
4713 1
1290 0
2308 1
499 1
3725 1
905 1
1694 1
4462 0
3743 1
1852 1
731 1
1621 0
3718 1
4448 1
763 1
1876 1
4661 1
1797 1
3808 0
1999 1
4880 1
4145 0
3303 1
2127 1
1327 1
4947 1
2247 1
1588 1
2374 0
4181 1
2824 1
461 0
2669 1
4249 1
3407 1
960 0
135 1
1949 1
787 1
1242 1
3943 0
2220 1
4219 1
215 1
294 1
2541 1
191 0
1943 1
4444 1
4267 1
3952 1
376 0
4002 1
4717 1
1397 1
1393 1
4197 0
3911 1
1205 1
292 0
511 1
994 1
1561 1
794 1
1046 1
4681 1
4876 0
1009 1
3730 1
3899 1
531 0
775 1
795 1
7 1
3450 1
494 1
2675 0
3784 1
2244 1
3079 1
1040 1
4946 0
3710 1
1305 1
4658 1
607 1
78 0
4112 1
3275 1
1496 1
3838 1
4005 0
2008 1
707 1
556 1
3781 0
2783 1
290 1
2760 1
4478 1
2529 0
3040 1
163 1
2201 1
914 1
2271 1
3495 0
547 1
649 0
2516 1
2234 1
521 1
3000 1
3626 1
1834 1
3206 1
1102 0
4667 1
3778 1
3705 1
4349 1
4454 1
4613 1
549 0
4238 1
1196 0
752 1
3737 1
4683 1
2968 1
1279 1
4234 0
2997 1
1718 1
4294 1
2215 0
2233 1
2969 1
2599 1
1766 1
1790 1
4895 0
4868 1
4502 1
1526 1
1090 1
4991 0
394 1
4994 1
2346 1
2187 0
2266 1
1985 1
500 1
4230 1
4221 0
518 1
2720 1
3503 1
1486 1
2447 1
4391 0
181 1
2491 1
4483 1
2302 1
810 0
3706 1
2980 1
3953 0
2195 1
4971 1
3701 1
3472 1
2614 1
1022 1
2945 0
4746 1
1798 1
2771 1
826 1
815 1
1309 1
3526 1
2779 0
3361 1
3707 0
3349 1
759 0
3445 1
2485 1
3258 1
4949 1
630 1
1479 1
674 1
841 0
2326 1
2736 1
1761 1
2540 1
2237 1
1733 0
2515 1
4988 1
3030 1
1745 0
2165 1
3723 1
4892 1
3273 0
4172 1
1524 1
2979 1
2414 1
756 1
2839 1
1135 1
1045 1
2223 0
3262 1
1910 1
3213 1
520 1
2636 0
1796 1
1321 1
3697 0
2921 1
3618 1
586 1
3437 0
3765 1
1609 1
121 1
2897 1
2912 1
4282 0
1249 1
1048 1
4279 1
65 1
3024 0
1553 1
2630 1
2053 1
3383 0
142 1
4567 1
2450 1
1532 0
4690 1
1018 1
3453 1
539 1
4819 0
1306 1
4932 1
3286 1
3750 1
3702 0
2043 1
1600 1
4847 1
305 1
3553 1
1481 0
4961 1
4409 1
619 1
3885 1
728 1
76 1
3451 0
3447 0
140 1
2627 1
3058 1
1246 1
722 1
548 1
4834 1
4801 1
573 0
325 1
4497 0
1269 1
4007 1
2295 1
2527 1
4309 0
3301 1
74 1
1276 1
1977 0
3266 1
2095 1
1078 1
3355 1
33 1
4218 1
1652 1
1721 0
3413 1
2235 1
2144 0
528 1
764 1
2781 1
4546 1
379 1
1020 1
1976 0
1466 1
2344 1
4428 1
580 1
3950 0
253 1
4084 1
4929 0
3988 1
256 1
3239 1
3635 1
3987 1
698 1
3509 1
3076 1
2608 0
1741 1
625 1
1520 1
492 0
4711 1
4241 1
3835 0
2566 1
4081 1
2836 1
1645 1
1166 0
4768 1
2965 1
1529 1
1780 1
2981 0
3847 1
1247 1
4039 1
3152 0
4937 1
4723 1
2031 1
4429 1
999 1
592 1
4191 0
2651 1
1006 0
239 1
4724 1
1066 1
2254 1
2563 1
3249 0
550 1
4578 1
3499 1
1108 1
3541 0
302 1
1193 1
1691 1
4686 1
2766 1
2487 1
3202 0
510 1
2232 1
2453 0
428 1
3709 1
1968 1
2794 1
1302 1
525 0
3019 1
4451 1
1938 1
2285 0
805 1
4862 1
2701 1
3016 1
1913 1
695 1
4616 0
4703 1
1576 1
559 1
3199 1
2551 0
3577 1
2341 0
2021 1
1534 1
4886 1
1351 1
3644 1
3478 1
4459 1
2827 0
3464 1
2538 1
1738 1
2985 0
3474 1
1570 1
637 1
2999 0
4707 1
2250 1
3278 1
1488 1
604 1
2500 0
1354 1
4780 1
100 1
1259 1
167 0
2501 1
1931 1
4986 1
3529 1
572 0
3772 1
247 1
4263 0
2518 1
1517 1
1384 1
1469 1
2466 1
4004 1
2 0
170 1
2081 1
2710 1
4361 1
2265 0
1799 1
3992 1
1044 1
4045 1
1980 0
3480 1
2027 1
1969 0
3001 1
2080 1
627 1
3604 1
2740 1
4781 0
1601 1
1879 1
3015 1
2464 1
829 0
280 1
4753 1
2216 1
326 1
4985 1
322 0
4127 1
3462 1
106 1
3936 1
4109 0
557 1
1742 1
1251 1
3115 1
4652 1
4297 0
278 1
3926 1
2068 1
1978 0
4948 1
1275 1
4275 1
2711 0
4243 1
1956 1
4555 1
4964 0
1992 1
297 1
328 1
3789 1
2924 1
2499 1
769 1
4923 0
449 1
1075 1
2236 1
3440 0
1754 1
776 1
811 1
1400 0
4813 1
3956 1
15 1
4499 1
2774 0
1415 1
3971 1
2171 1
2699 1
1861 1
1752 0
3265 1
473 1
2767 0
4008 1
2763 1
4958 1
28 1
1955 1
808 0
3419 1
1789 1
3629 1
1522 1
3295 1
1202 0
971 1
4236 1
2702 1
94 1
2138 1
3941 0
3796 1
3444 0
2744 1
1243 1
39 1
3247 1
2034 0
3218 1
2217 1
2016 1
3425 1
2122 1
797 0
3853 1
2299 1
2113 1
4432 1
1277 0
819 1
3367 1
3002 1
3768 1
2936 0
2335 1
139 1
1283 1
3210 1
4397 0
2718 1
324 1
1021 1
3501 1
1744 0
3237 1
2291 1
4747 1
1783 1
892 0
378 1
4441 1
2845 1
1540 1
3656 1
2071 0
3674 1
3471 1
3932 1
1518 1
4164 0
3857 1
270 1
4 1
3820 1
2273 0
1241 1
3717 1
4355 1
716 1
2017 0
4003 1
4704 1
4810 1
2715 1
2996 1
29 0
251 1
4828 1
97 1
814 1
4752 0
4990 1
3316 1
2506 1
4486 1
4570 0
2156 0
4216 1
3067 1
1750 1
4722 1
938 1
2955 1
4148 1
4199 1
467 1
1740 0
1791 1
2536 1
4558 0
3955 1
4678 1
85 1
1892 0
792 1
3814 1
3264 1
902 0
1548 1
2988 1
3389 1
1825 1
1728 1
431 1
3951 1
1934 0
1547 1
1538 1
255 1
1882 0
3970 1
49 1
2786 1
1226 1
4715 1
541 0
1556 1
1291 1
20 1
1014 0
4367 1
4220 1
4679 1
3405 1
1712 0
2842 1
2891 1
3482 1
1418 0
230 1
3748 1
4687 1
2002 1
1163 1
4736 1
1763 0
2251 1
4799 1
233 1
4467 1
2734 0
2214 1
2023 1
4670 1
3714 1
1967 1
2441 0
3849 1
4254 1
925 0
4187 1
1961 1
4259 1
185 1
3457 0
1846 1
2753 1
2964 1
2870 1
2387 1
276 0
3823 1
4841 1
4052 1
2384 1
4421 0
4100 1
1366 1
2530 1
112 1
1685 1
4403 0
1507 1
4510 0
4458 1
753 1
1658 1
479 1
3215 1
1232 0
4671 1
1581 1
2542 1
3280 0
3220 1
4015 1
4762 1
2243 1
4525 1
3532 1
267 0
4412 1
4358 1
2030 1
3571 1
410 1
4090 0
2045 1
4649 1
443 0
2314 1
4970 1
2866 1
1505 1
1510 0
2218 1
1898 1
3155 1
512 1
2633 0
3695 1
3060 1
508 1
1627 1
4999 0
4995 1
317 1
555 1
998 1
91 0
791 1
1485 1
224 1
942 1
4461 0
631 1
3754 1
1729 1
45 1
3460 1
2408 0
2378 1
2086 1
3976 1
1513 1
373 1
258 1
4051 0
4516 1
497 0
1151 1
4684 1
3233 1
4222 1
491 1
800 0
4956 1
3665 0
2420 1
1231 1
1640 1
458 0
4733 1
1867 1
719 1
4943 1
34 1
3245 1
4035 1
2807 1
4732 1
977 0
564 1
1023 0
1096 1
3948 1
1990 1
209 1
883 1
343 0
3966 1
2593 1
2121 1
1995 1
4709 1
1406 1
4838 0
4697 1
1457 0
485 1
4439 1
4242 1
2207 1
3583 1
4706 0
2498 1
2959 1
47 1
1065 1
1212 0
3164 1
3917 1
1421 1
268 0
3969 1
4619 1
2505 1
4865 1
1348 1
740 1
2147 0
4740 1
4063 1
4210 1
2548 1
3448 1
897 0
3564 1
4330 0
3715 1
2482 1
1089 1
3310 1
261 1
2770 1
778 0
4247 1
3967 1
987 1
2483 0
4640 1
4721 1
3623 1
4837 0
1597 1
4549 1
713 1
2803 1
5001 1
4966 1
3866 0
288 1
1964 1
314 1
1975 1
3964 0
4561 1
554 1
1372 1
2275 0
2746 1
4750 1
1060 1
2982 1
277 0
3817 1
358 1
4437 1
4844 0
2966 1
3518 1
1489 1
2371 1
296 1
843 1
2721 0
1543 1
4485 1
3607 1
310 1
748 0
1042 1
4202 0
3524 1
4712 1
4496 1
1567 1
1336 1
3473 1
634 1
4776 0
2038 1
4771 1
3005 1
1027 0
3017 1
3031 1
991 1
455 1
2961 0
1312 1
4963 1
248 1
4385 0
3978 1
301 1
1304 1
38 1
1043 1
2873 0
1245 1
2772 1
4256 1
3276 0
4011 1
3519 1
476 1
2241 1
509 1
3513 0
2951 1
4235 1
3694 1
3875 0
513 1
3304 1
917 1
3034 1
788 1
1974 0
3521 1
2077 1
1703 1
1061 0
4965 1
4262 1
2782 1
1622 0
1289 1
2995 1
2519 1
3490 1
504 1
2915 1
266 1
1746 1
4700 0
2213 1
1886 1
4246 0
1732 1
4424 1
4217 1
1137 1
1297 1
2654 1
911 0
1633 1
4714 1
4978 0
3223 1
1773 1
4198 1
1003 1
88 1
1034 0
642 1
1525 1
48 0
3963 1
1735 1
2508 0
3741 1
3973 1
781 1
2496 1
2283 1
2584 1
4099 1
1339 1
2412 0
4935 1
293 1
1069 1
4060 1
4443 0
974 1
2617 0
2204 1
536 1
2050 1
3881 1
2029 1
4318 1
2557 1
2992 0
3251 1
3775 1
2791 1
3099 1
2014 0
53 1
2462 1
2101 1
2290 0
4859 1
4748 1
164 1
3170 0
816 1
2708 1
2042 1
2724 1
2020 1
1296 1
4418 0
2473 1
4698 1
3446 1
4200 0
2377 1
4634 1
1768 1
507 1
61 0
1983 1
2520 1
1442 1
1970 1
2983 1
2534 0
2277 1
1234 1
3268 1
515 0
4474 1
3228 1
1819 1
3279 1
2192 0
4469 1
571 1
2806 1
4889 1
538 1
2128 0
4960 1
1739 1
2411 1
3556 1
2180 0
11 1
551 1
652 1
862 0
2296 1
4457 1
2672 1
1056 1
3869 0
1528 1
4968 1
3012 1
4944 1
3094 1
1294 0
3692 1
3958 1
2741 0
646 1
3504 1
2492 1
4543 1
4346 0
2903 1
4705 1
2110 1
1026 1
871 1
2477 0
3386 1
802 1
3422 1
4489 1
2869 1
4339 0
988 1
2365 0
4276 1
2221 1
331 1
1412 1
3872 0
4992 1
3841 1
3704 1
4419 1
2713 1
4193 1
4209 1
252 0
3026 1
4720 1
4916 1
3064 0
4737 1
3494 1
3721 1
315 1
4901 1
4201 0
1036 1
4735 1
4831 1
1233 1
321 1
1972 0
2263 1
254 1
4033 0
1946 1
3208 1
3255 1
2294 1
1031 1
803 0
1012 1
1315 1
3241 0
440 1
4384 1
3890 1
2353 1
51 1
516 0
762 1
4800 1
1792 1
2108 1
1184 1
3185 0
3572 1
4477 1
2855 1
3747 1
1055 0
299 1
4456 1
1594 1
4118 0
2681 1
4248 1
3638 1
2284 0
4741 1
2444 1
6 1
4203 1
506 0
3484 1
1016 1
1793 1
2800 1
4622 0
418 1
70 1
1109 1
2942 1
2228 1
2332 1
1771 0
1765 1
1147 1
3505 1
1523 0
2494 1
3968 1
4017 1
3485 1
2136 1
4582 1
4708 1
4534 0
3231 1
496 0
2040 1
3947 1
67 1
3680 1
4883 0
3525 1
3613 1
4699 1
71 1
4962 0
2502 1
3176 1
3267 1
3735 1
287 0
1253 1
323 1
2028 1
4431 0
3691 1
1700 1
3732 1
741 0
1482 1
412 1
534 1
3307 1
737 1
1688 1
4229 0
4465 1
3769 1
4998 1
2495 1
2041 0
1731 1
498 1
43 1
295 1
742 0
4576 1
2222 1
503 1
4460 1
915 0
2885 1
2972 1
1697 1
4345 1
2000 1
3004 0
1472 1
3740 1
2657 1
3736 1
3327 0
1743 1
3371 1
4379 0
3761 1
2347 1
2033 1
4818 1
77 1
2317 0
54 1
659 1
4745 1
1039 1
470 0
1546 1
3340 1
565 1
785 1
2876 0
130 1
2475 1
182 1
1636 1
3689 1
3463 1
4315 1
3983 0
3686 1
2248 1
419 0
3860 1
1271 1
4953 0
2974 1
2732 1
1268 1
1287 1
2293 1
327 1
4176 0
4694 1
27 1
1901 1
3647 1
1035 0
3404 1
250 1
1064 1
1557 1
57 0
4967 1
4096 1
4394 1
2321 1
1480 0
4774 1
2219 1
4212 1
4910 1
3959 0
3049 1
3225 0
1286 1
4952 1
3229 1
2005 1
2289 1
2062 1
874 0
4954 1
3120 1
1024 1
3722 1
2602 1
4959 0
2750 1
4257 1
3343 1
1919 0
1199 1
3502 1
3248 1
3193 1
3209 1
136 1
1493 1
2517 0
4979 0
1369 1
3395 1
1357 1
3617 1
3696 0
4685 1
1916 1
1260 1
3793 1
3497 1
1786 1
3690 0
1937 1
567 1
2065 1
895 1
2504 1
1478 0
1776 1
566 0
610 1
2320 1
4323 1
3027 1
553 1
3 0
3562 1
3980 1
668 1
3009 1
4682 1
1030 1
2522 0
989 1
1544 1
50 0
4798 1
4261 1
279 1
1989 0
2666 1
257 1
3601 1
3517 1
3021 0
859 1
306 1
1263 1
3070 1
3481 1
5 1
2660 0
2758 1
2780 1
1330 1
2569 0
1154 1
245 1
3897 1
2524 1
79 1
1363 1
4466 0
316 1
3506 1
4919 1
188 1
640 0
1444 1
1774 1
4491 0
505 1
300 1
1062 1
1032 1
3496 0
3711 1
4513 1
595 1
1853 1
1378 1
3770 0
786 1
3362 1
4244 1
4195 1
4430 0
2878 1
1512 1
4710 1
416 1
3197 0
4184 1
1537 0
657 1
3416 1
4264 1
4253 1
286 1
60 1
493 0
4926 1
2539 1
1338 1
465 1
309 0
4973 1
1298 1
1585 1
4871 0
1387 1
2957 1
2381 1
1230 1
1837 1
2761 0
1516 1
4701 1
3907 1
4689 1
537 1
2497 0
320 1
750 1
577 1
1236 0
710 1
1564 1
2759 1
4048 1
1981 1
1252 1
3149 0
3960 1
544 0
2153 1
2246 1
3920 1
4388 1
4223 0
3140 1
2163 1
1492 1
755 0
3119 1
3523 1
3908 1
2461 1
3443 1
3614 1
1436 1
4475 0
1465 1
2480 1
3945 1
532 1
3466 0
2787 1
3766 1
4920 0
3712 1
1643 1
3103 1
1028 1
4955 1
4300 1
656 0
1342 1
1217 1
2970 0
2249 1
3683 1
2255 1
665 0
3257 1
850 1
370 1
1787 1
2939 0
35 1
768 1
150 1
3475 1
817 1
3246 1
2019 0
1084 1
1603 1
3999 1
3221 1
519 1
203 1
2272 0
2259 1
264 1
1828 1
227 1
2048 0
2737 1
2399 1
3620 1
174 0
2851 1
1053 1
865 0
3489 1
3753 1
502 1
935 1
272 0
4036 1
779 1
236 1
2074 1
260 1
3884 0
4731 1
1072 1
1182 1
3728 0
3979 1
1552 1
771 1
3003 1
3511 1
3100 1
1491 0
3269 1
1952 1
4102 1
4702 1
956 0
3243 1
1223 1
2269 1
1670 0
889 1
1795 1
3431 1
3986 1
4373 0
1676 1
2292 1
4786 1
2726 0
1781 1
3085 1
3292 1
2183 1
1521 1
853 1
3512 1
3452 0
4054 1
1655 1
4463 0
1254 1
2368 1
4494 1
995 1
4464 0
4552 1
2927 1
4030 1
877 0
3850 1
2900 1
1530 1
3242 1
2954 1
4271 1
4206 0
3122 1
4749 1
206 1
4755 0
3989 1
4075 1
3211 1
789 0
355 1
1785 1
4939 1
1409 1
1010 0
686 1
1504 1
4453 1
3174 1
2743 1
4601 0
1272 1
4438 1
2141 1
4227 1
790 1
2159 0
1988 1
4501 1
4504 1
1051 1
3227 0
3744 1
1737 1
3297 1
3081 1
4336 1
4250 0
103 1
4435 1
3043 1
4729 0
3374 1
281 1
413 0
953 1
1345 1
273 1
3520 1
2830 0
3261 1
4285 1
774 1
2177 1
4850 1
3659 0
3708 1
1923 1
2286 1
1928 1
2329 0
3493 1
400 1
4066 1
4941 1
3272 0
4175 1
1757 1
200 1
246 1
265 0
2755 1
3271 1
59 1
1081 0
3008 1
1059 1
985 1
3700 0
2973 1
4178 1
2224 1
1235 1
1682 1
1756 1
643 1
3055 0
3752 1
4936 1
2854 1
1549 0
4093 1
628 1
1984 1
3377 1
2230 0
3200 1
3467 1
1123 1
151 0
1855 1
3746 1
3949 1
1762 1
2863 1
3203 0
560 1
2469 1
2963 0
259 1
4057 1
1281 1
289 1
2696 1
2049 1
1747 0
3125 1
4728 1
1734 1
1117 1
1925 0
4188 1
2623 1
3128 0
3547 1
1755 1
176 1
1238 1
2751 0
2507 1
63 1
4450 1
773 1
2564 1
2459 0
2354 1
4376 1
4507 1
40 1
337 0
2663 1
3990 1
2526 1
3893 1
2745 1
1477 1
3006 1
4675 1
55 0
760 0
533 1
1922 1
3805 1
3134 1
1 1
2488 0
1907 1
4691 1
3023 1
4455 1
2909 0
3514 1
2132 1
4509 1
3937 1
1262 1
4528 0
908 1
1285 1
2011 1
1360 0
3961 1
1579 1
3516 1
3018 1
1971 0
56 1
1807 1
751 1
1187 1
1554 0
3250 1
4470 1
444 1
4975 1
3568 1
4898 0
2200 1
2012 1
1664 1
2503 0
1181 1
4482 1
4493 0
3167 1
983 1
24 1
1813 1
3380 1
1979 1
118 1
3508 0
4716 1
4969 1
194 1
4607 1
262 0
3787 1
2276 1
3929 1
3173 1
4306 0
4427 1
148 1
1555 1
3611 1
2350 0
1424 1
4312 1
1895 1
1295 1
993 0
464 1
4696 1
2918 1
4692 1
3158 0
3662 1
2131 1
4207 1
62 0
1270 1
2239 1
2967 1
4789 0
1136 1
1800 1
796 1
3082 1
3328 1
1265 0
3216 1
3191 1
1017 1
2253 1
4260 0
1551 1
3632 1
4016 1
4719 1
1630 0
2833 1
68 1
1753 1
1430 1
3938 1
1148 0
2047 1
72 1
3954 1
683 1
2952 1
2953 1
1759 0
3116 1
2678 1
568 0
1777 1
4139 0
545 1
3179 1
2727 1
812 1
1500 0
4291 1
1303 1
765 1
2390 1
3944 1
4273 1
799 1
3013 1
2848 0
145 1
1333 1
1545 0
2511 1
806 1
2003 1
274 1
2189 0
3298 1
4014 1
2960 1
4072 1
1220 0
3720 1
4445 1
4215 1
807 0
3802 1
263 1
1475 1
3037 1
4604 0
2525 1
4490 1
2729 1
3010 1
2812 1
3991 1
2648 0
4324 1
4481 1
3829 1
2589 1
3764 1
2429 0
2930 1
2818 0
4232 1
4564 1
1804 1
9 1
3580 1
1501 1
1300 0
1326 1
1324 1
3143 0
868 1
4024 1
4853 0
514 1
784 1
3182 1
2572 1
1111 1
69 1
2268 1
1476 1
3109 0
3224 1
4759 1
767 1
3751 0
0 1
1403 1
2474 1
13 1
622 1
1261 0
3353 1
944 1
2098 1
3289 1
4224 0
4468 1
3522 1
4730 0
1025 1
3137 1
4726 1
3088 1
3219 1
2596 1
3410 0
2470 1
271 1
952 1
2712 1
157 0
1558 1
1002 1
1460 1
777 1
3401 0
3368 1
3487 1
3716 1
2687 1
3972 0
21 1
749 1
4744 1
3507 1
4931 0
4664 1
3595 1
2125 0
3758 1
4989 1
2035 1
1073 1
1904 1
3589 0
3799 1
2022 1
920 1
1380 0
312 1
2036 1
2690 1
66 1
3538 1
1608 0
3234 1
3909 1
2107 1
529 1
1997 0
838 1
4573 1
758 1
616 1
4739 0
1264 1
2642 1
