57 0
118 1
138 0
143 0
1 1
83 0
65 1
110 0
100 0
19 1
129 0
86 0
102 0
150 1
141 1
126 0
134 0
131 0
84 1
35 1
113 1
9 1
122 0
137 1
69 1
135 0
121 0
85 1
49 1
36 1
105 0
148 0
63 0
21 1
7 0
77 0
146 0
106 1
99 0
125 0
26 1
103 1
151 1
31 0
74 1
46 1
128 0
54 1
87 1
119 0
147 1
112 1
81 0
152 1
132 0
123 0
145 1
90 0
45 1
15 1
136 1
104 0
97 1
82 0
5 0
0 1
62 1
108 1
96 0
75 1
58 0
130 1
116 0
67 0
98 1
89 1
43 1
133 0
140 0
127 1
114 0
144 0
101 1
79 0
142 1
149 1
60 1
66 1
34 0
109 0
94 0
107 1
70 1
124 1
48 1
115 1
80 0
117 0
30 0
120 1
139 0
52 1
10 1
88 0
42 1
61 1
55 0
95 1
40 0
91 0
68 1
73 0
27 0
76 1
71 0
93 0
111 1
72 1
23 1
38 1
28 0
47 1
64 0
41 0
56 0
78 1
59 1
2 1
17 1
92 0
